"year","id","y","x1","x2","x3","x4","x5","x6","d1"
2000,1,0.0398848988115788,0.289696007966995,0.402061998844147,0.472222000360489,5.6100001335144,0.0876968204975128,229.119995117188,0
2001,1,0.0383449010550976,0.338111013174057,0.433005005121231,0.506992995738983,5.59000015258789,0.0863766595721245,240.330001831055,0
2002,1,0.0303048007190228,0.330448985099792,0.525703012943268,0.479705005884171,5.80000019073486,0.0850908532738686,269.700012207031,0
2003,1,0.0347259007394314,0.36252498626709,0.604705989360809,0.520103991031647,6.8899998664856,0.0838332772254944,281.739990234375,0
2004,1,0.0365730002522469,0.325394988059998,0.578723013401031,0.497058987617493,6.55000019073486,0.0823064595460892,298.880004882813,0
2005,1,0.0347523987293243,0.326061993837357,0.512323975563049,0.439862996339798,6.90000009536743,0.0800806209445,322.649993896484,0
2006,1,0.0356036014854908,0.298269987106323,0.527595996856689,0.436170011758804,6.71000003814697,0.0778709724545479,334.540008544922,0
2000,3,0.0163921006023884,0.202898994088173,0.869047999382019,0.465752989053726,8.44999980926514,0.087004616856575,210.75,0
2001,3,0.0190651006996632,0.162218004465103,0.772152006626129,0.377048999071121,5.71000003814697,0.0864721685647964,217.770004272461,0
2002,3,0.015149200335145,0.181585997343063,1.02816998958588,0.438356012105942,8.6899995803833,0.0859426036477089,236.639999389648,0
2003,3,0.0136620998382568,0.194986000657082,0.885713994503021,0.5,8.01000022888184,0.0854993164539337,255.220001220703,0
2004,3,0.0120345996692777,0.206897005438805,0.909090995788574,0.366667002439499,8.59000015258789,0.0848610103130341,262.059997558594,0
2005,3,0.0129982000216842,0.156068995594978,1.03703999519348,0.392856985330582,6.03000020980835,0.083637036383152,279.380004882813,0
2006,3,0.0152532001957297,0.132028996944427,1.48148000240326,0.449999988079071,6.34999990463257,0.0826069414615631,300.380004882813,0
2000,5,0.00933715980499983,0.40659299492836,0.270269989967346,0.5,5.53000020980835,0.073852501809597,157.240005493164,0
2001,5,0.0123228998854756,0.379999995231628,0.736841976642609,0.392856985330582,9.69999980926514,0.0737947225570679,164.619995117188,0
2002,5,0.0128063997253776,0.561905026435852,0.559321999549866,0.272727012634277,6.34000015258789,0.0738740563392639,178.169998168945,0
2003,5,0.0138298999518156,0.666666984558105,0.447367995977402,0.41176500916481,5.71999979019165,0.0738630592823029,192.169998168945,0
2004,5,0.0124752996489406,0.603959977626801,0.180327996611595,0.545454978942871,10.039999961853,0.0736430063843727,192.600006103516,0
2005,5,0.0142385000362992,0.695652008056641,0.270832985639572,0.269230991601944,5.11999988555908,0.0728170275688171,216.690002441406,0
2006,5,0.0129602998495102,0.444444000720978,0.267856985330582,0.600000023841858,6.76000022888184,0.0721153765916824,237.649993896484,0
2000,7,0.0219158995896578,0.431095004081726,0.627049028873444,0.431373000144959,6,0.0836377814412117,215.570007324219,0
2001,7,0.0173806995153427,0.612335026264191,0.582733988761902,0.370370000600815,6.1100001335144,0.0821775272488594,219.559997558594,0
2002,7,0.0242110006511211,0.41940501332283,0.787312984466553,0.236966997385025,6.36999988555908,0.0806451588869095,231.089996337891,0
2003,7,0.0223434008657932,0.412458002567291,0.497958987951279,0.442622989416122,8.77000045776367,0.0790599882602692,247.550003051758,0
2004,7,0.0245848000049591,0.380654990673065,0.381148010492325,0.483871012926102,11.3599996566772,0.0774562135338783,253.550003051758,0
2005,7,0.0241280999034643,0.308057010173798,0.615384995937347,0.483332991600037,8.9399995803833,0.07549037784338,275.950012207031,0
2006,7,0.0267532002180815,0.364760011434555,0.525424003601074,0.435483992099762,7.1399998664856,0.0735372602939606,281.799987792969,0
2000,9,0.0075178099796176,0.631578981876373,0.555555999279022,0.383332997560501,7.03999996185303,0.0790580287575722,202.039993286133,0
2001,9,0.00873684976249933,0.56716400384903,0.640350997447968,0.356164008378983,9.94999980926514,0.0778553634881973,204.660003662109,0
2002,9,0.013680400326848,0.377357989549637,0.524999976158142,0.428570985794067,7.15999984741211,0.0764920487999916,235.729995727539,0
2003,9,0.014326199889183,0.410180002450943,0.664233982563019,0.395604014396667,10.6000003814697,0.0752817690372467,245.880004882813,0
2004,9,0.0133173000067472,0.393548011779785,0.622950971126556,0.407894998788834,9.22999954223633,0.073936440050602,265.989990234375,0
2005,9,0.0114417001605034,0.462686985731125,0.596773982048035,0.445946007966995,6.73000001907349,0.0723176971077919,277.149993896484,0
2006,9,0.010623199865222,0.518218994140625,0.476563006639481,0.442622989416122,8.22000026702881,0.0706975534558296,290.890014648438,0
2000,11,0.0188471991568804,0.36965000629425,0.557895004749298,0.226414993405342,9.93000030517578,0.106333449482918,187.199996948242,0
2001,11,0.0198535993695259,0.425855994224548,0.196428999304771,0.363635987043381,4.32000017166138,0.104968599975109,173.320007324219,0
2002,11,0.019166799262166,0.354243993759155,0.354167014360428,0.323529005050659,13.4399995803833,0.10380294919014,199.880004882813,0
2003,11,0.0168041996657848,0.446429014205933,0.209999993443489,0.380952000617981,7.15999984741211,0.102464772760868,212.339996337891,0
2004,11,0.0141193997114897,0.530806005001068,0.455356985330582,0.274509996175766,7.84999990463257,0.101254843175411,205.470001220703,0
2005,11,0.0170080997049809,0.401544004678726,0.211538001894951,0.363635987043381,13.8699998855591,0.0999466627836227,207.100006103516,0
2006,11,0.0146067002788186,0.524663984775543,0.0683761015534401,0.5,13,0.0989191979169846,258.600006103516,0
2000,13,0.0300492998212576,0.319665014743805,0.481674998998642,0.5,11.7700004577637,0.0793391987681389,214.929992675781,0
2001,13,0.0363259017467499,0.33288499712944,0.430303007364273,0.497653007507324,5.32000017166138,0.0779813230037689,221.539993286133,0
2002,13,0.0325271002948284,0.326020985841751,0.491878986358643,0.485848993062973,6.96999979019165,0.0765449106693268,240.259994506836,0
2003,13,0.0301271993666887,0.302175998687744,0.522666990756989,0.423469007015228,8.89000034332275,0.075187623500824,262.75,0
2004,13,0.0349785983562469,0.298961997032166,0.381944000720978,0.454544991254807,7.32000017166138,0.0738004818558693,270.010009765625,0
2005,13,0.0335359983146191,0.309206008911133,0.522727012634277,0.430435001850128,10.8000001907349,0.0722280219197273,287.420013427734,0
2006,13,0.0296408999711275,0.365004003047943,0.520606994628906,0.420832991600037,10.5500001907349,0.070733442902565,303.420013427734,0
2000,15,0.016805499792099,0.453258007764816,0.574999988079071,0.489129990339279,8.82999992370605,0.0905427783727646,183.169998168945,0
2001,15,0.0200047008693218,0.444705992937088,0.370370000600815,0.442856997251511,9.47999954223633,0.0874079689383507,200.529998779297,0
2002,15,0.0142091996967793,0.383607000112534,0.820513010025024,0.604166984558105,10.9499998092651,0.0842080563306808,207.669998168945,0
2003,15,0.0163460001349449,0.345714002847672,0.487603008747101,0.45762699842453,7.51999998092651,0.0810798108577728,211.470001220703,0
2004,15,0.0160134993493557,0.423976987600327,0.565517008304596,0.475609987974167,16.6800003051758,0.0782714709639549,217.009994506836,0
2005,15,0.0194460991770029,0.419277012348175,0.62643700838089,0.412844002246857,12,0.0762735828757286,231.279998779297,0
2006,15,0.0202814005315304,0.392111003398895,0.769231021404266,0.507691979408264,10.6400003433228,0.074305459856987,235.050003051758,0
2000,17,0.0186468996107578,0.483985990285873,0.46323499083519,0.460316985845566,7.92999982833862,0.0859525129199028,235.610000610352,0
2001,17,0.0211586002260447,0.420154988765717,0.476015001535416,0.387596994638443,5.5,0.0843440294265747,255.619995117188,0
2002,17,0.0202914997935295,0.363200008869171,0.546256005764008,0.427419006824493,9.93000030517578,0.0826743394136429,283.190002441406,0
2003,17,0.0179276000708342,0.422383010387421,0.581197023391724,0.404412001371384,7.17999982833862,0.0810450315475464,297.230010986328,0
2004,17,0.0196959003806114,0.464462995529175,0.306050002574921,0.453487992286682,9.6899995803833,0.0796546414494514,290.700012207031,0
2005,17,0.0185879003256559,0.395256996154785,0.620000004768372,0.395161002874374,7.55999994277954,0.0786560624837875,307.959991455078,0
2006,17,0.0304288994520903,0.251599013805389,0.436441004276276,0.436892986297607,7.32000017166138,0.0776916295289993,339.760009765625,0
2000,19,0.0225338004529476,0.326196014881134,0.505792021751404,0.404579997062683,9.5600004196167,0.0824935734272003,419.459991455078,0
2001,19,0.0183782000094652,0.189312994480133,1.12902998924255,0.43571400642395,8.26000022888184,0.0822037234902382,428.160003662109,0
2002,19,0.0145266996696591,0.232282996177673,0.855931997299194,0.356436014175415,10.3699998855591,0.0819392278790474,477.160003662109,0
2003,19,0.0136860003694892,0.21730799973011,1.04425001144409,0.45762699842453,8.15999984741211,0.0815946310758591,492.510009765625,0
2004,19,0.0128511004149914,0.291667014360428,1.22078001499176,0.356382995843887,7.84999990463257,0.0808784887194633,517.630004882813,0
2005,19,0.0174336992204189,0.24481900036335,0.84127002954483,0.364780008792877,6.73999977111816,0.0789429619908333,533.830017089844,0
2006,19,0.0221567004919052,0.162860006093979,1.22561001777649,0.333332985639572,10.3400001525879,0.0771323218941689,567.059997558594,0
2000,21,0.0350348018109798,0.262854009866714,0.291417002677917,0.541095972061157,9.43000030517578,0.0795678123831749,275.75,1
2001,21,0.0367895998060703,0.24057300388813,0.297740995883942,0.565517008304596,7.01000022888184,0.0789606794714928,293.619995117188,1
2002,21,0.0366069003939629,0.245823994278908,0.307128995656967,0.611714005470276,8.89000034332275,0.0783658102154732,311.459991455078,1
2003,21,0.0384395010769367,0.250542998313904,0.296777993440628,0.559499025344849,8.0600004196167,0.0777885317802429,333.589996337891,1
2004,21,0.041329599916935,0.258130997419357,0.272985011339188,0.46985399723053,9.88000011444092,0.0767823308706284,344.25,1
2005,21,0.0441641993820667,0.24838499724865,0.288190990686417,0.413533985614777,11.0100002288818,0.0744677111506462,366.109985351563,1
2006,21,0.0437355004251003,0.234760001301765,0.334701001644135,0.429071992635727,10.6199998855591,0.0721972584724426,378.899993896484,1
2000,23,0.0319175012409687,0.194303005933762,0.288839995861053,0.439393997192383,9.44999980926514,0.0901800617575645,243.139999389648,0
2001,23,0.0290210992097855,0.286639004945755,0.277419000864029,0.470930010080338,6.38000011444092,0.0899827182292938,251.490005493164,0
2002,23,0.0286164004355669,0.280521988868713,0.307309001684189,0.356756985187531,6.63000011444092,0.0897668302059174,283.079986572266,0
2003,23,0.0275500006973743,0.334614992141724,0.310344994068146,0.393519014120102,6.07000017166138,0.0895290821790695,300.100006103516,0
2004,23,0.0293095000088215,0.287441998720169,0.29449799656868,0.472526997327805,5.65999984741211,0.0887623205780983,303.809997558594,0
2005,23,0.0256248004734516,0.304576992988586,0.322970986366272,0.38502699136734,4.67999982833862,0.0863694325089455,313.040008544922,0
2006,23,0.0269836001098156,0.289121001958847,0.40378001332283,0.365956991910934,7.07000017166138,0.0839780569076538,327.450012207031,0
2000,25,0.0360685996711254,0.255968987941742,0.458954989910126,0.617886006832123,9.0600004196167,0.083774708211422,224.940002441406,0
2001,25,0.0370916984975338,0.256810992956162,0.433849990367889,0.626374006271362,8.25,0.0827223584055901,225.550003051758,0
2002,25,0.0312137994915247,0.291216999292374,0.372063994407654,0.598007023334503,7.38000011444092,0.0816718265414238,271.959991455078,0
2003,25,0.0294439997524023,0.277323007583618,0.415549993515015,0.554839015007019,8.14999961853027,0.0806566327810287,284.019989013672,0
2004,25,0.0305074993520975,0.282043009996414,0.4532870054245,0.544529020786285,6.84999990463257,0.0794864892959595,287.640014648438,0
2005,25,0.0319330990314484,0.301602005958557,0.32073500752449,0.49363100528717,7.88000011444092,0.0779348984360695,322.649993896484,0
2006,25,0.0302542001008987,0.32354798913002,0.406780004501343,0.492646992206573,8.01000022888184,0.0764153972268105,355.589996337891,0
2000,27,0.035334900021553,0.264329999685287,0.23088900744915,0.54729700088501,7.3899998664856,0.0887974724173546,215.75,0
2001,27,0.0371543988585472,0.303606003522873,0.206897005438805,0.364197999238968,8,0.0887318029999733,219.970001220703,0
2002,27,0.029440900310874,0.244151994585991,0.405189990997314,0.433497995138168,8.53999996185303,0.0886637791991234,251.630004882813,0
2003,27,0.0300367996096611,0.247357994318008,0.339805990457535,0.400000005960464,8.47000026702881,0.0885769426822662,262.510009765625,0
2004,27,0.0355282984673977,0.221862003207207,0.357663989067078,0.505101978778839,10.3100004196167,0.0879780426621437,268.480010986328,0
2005,27,0.0366743989288807,0.217356994748116,0.316547006368637,0.397727012634277,8.27999973297119,0.0857492908835411,295.079986572266,0
2006,27,0.0382489003241062,0.268018007278442,0.352941006422043,0.321429014205933,11.6899995803833,0.0835386365652084,309.269989013672,0
2000,33,0.0200389996170998,0.484560996294022,0.30392199754715,0.5,16.3999996185303,0.0939622595906258,237.589996337891,0
2001,33,0.0144477002322674,0.485341995954514,0.476509988307953,0.478873014450073,6.53999996185303,0.0916909426450729,212.160003662109,0
2002,33,0.0161147993057966,0.24855500459671,0.872093021869659,0.519999980926514,9.14000034332275,0.0895227566361427,279.950012207031,0
2003,33,0.0141497002914548,0.259615004062653,0.938271999359131,0.421052992343903,8.97000026702881,0.0873202532529831,286.179992675781,0
2004,33,0.0153796998783946,0.217910006642342,1.30137002468109,0.484210997819901,6.86999988555908,0.0851961597800255,268.359985351563,0
2005,33,0.0153722995892167,0.255071997642517,1.04544997215271,0.413042992353439,7,0.0825273171067238,295.880004882813,0
2006,33,0.0159188993275166,0.270949989557266,0.515464007854462,0.479999989271164,7.32000017166138,0.0800520181655884,324.450012207031,0
2000,35,0.0414137989282608,0.287652999162674,0.252357989549637,0.532710015773773,11.5200004577637,0.0858721286058426,243.860000610352,0
2001,35,0.048955500125885,0.239077001810074,0.23496800661087,0.457911998033524,6.23000001907349,0.0849426612257957,253.289993286133,0
2002,35,0.0412080995738506,0.285427004098892,0.246672004461288,0.51111102104187,7.8899998664856,0.084035687148571,274.649993896484,0
2003,35,0.0404708012938499,0.282276004552841,0.270119994878769,0.3923299908638,7.46999979019165,0.0831530392169952,291.690002441406,0
2004,35,0.0455489009618759,0.260843992233276,0.299923986196518,0.450632989406586,8.76000022888184,0.0820832625031471,305.480010986328,0
2005,35,0.0417064987123013,0.252281010150909,0.284271985292435,0.449703991413116,8.26000022888184,0.0804551318287849,327.029998779297,0
2006,35,0.0408569015562534,0.266025990247726,0.325300991535187,0.370370000600815,10.0600004196167,0.0789114013314247,341.320007324219,0
2000,37,0.0223025996237993,0.238785997033119,0.712706983089447,0.341084986925125,12.2600002288818,0.0822111591696739,230.229995727539,0
2001,37,0.0201309006661177,0.32514500617981,0.466666996479034,0.390475988388062,9.02999973297119,0.080987349152565,235.830001831055,0
2002,37,0.0190303009003401,0.307110011577606,0.359605997800827,0.369863003492355,8.97000026702881,0.0797505080699921,258.790008544922,0
2003,37,0.0196145009249449,0.30333799123764,0.363635987043381,0.407894998788834,12.2700004577637,0.0785881504416466,260.809997558594,0
2004,37,0.0207010991871357,0.371547013521194,0.356876999139786,0.53125,6.53000020980835,0.0770426914095879,264.779998779297,0
2005,37,0.025280699133873,0.336688995361328,0.451826989650726,0.154412001371384,6.78000020980835,0.0742344707250595,280.190002441406,0
2006,37,0.0226016994565725,0.321866989135742,0.385495990514755,0.316832005977631,8.6899995803833,0.0715407729148865,321.899993896484,0
2000,39,0.0158128999173641,0.291803002357483,0.280898988246918,0.400000005960464,10.710000038147,0.072731040418148,196.669998168945,0
2001,39,0.0188127998262644,0.258855998516083,0.357894986867905,0.441175997257233,6.26999998092651,0.0723606795072556,194.529998779297,0
2002,39,0.0168941002339125,0.300300002098084,0.430000007152557,0.348836988210678,20.9799995422363,0.0720170885324478,228.990005493164,0
2003,39,0.0142248999327421,0.299295991659164,0.458824008703232,0.512821018695831,5.84000015258789,0.0716856569051743,229.119995117188,0
2004,39,0.0130586996674538,0.286821991205215,0.783783972263336,0.258621007204056,9.4399995803833,0.0712311193346977,257.850006103516,0
2005,39,0.0113078998401761,0.203539997339249,1.06521999835968,0.448980003595352,7.78000020980835,0.0704848021268845,259.200012207031,0
2006,39,0.0119153996929526,0.30833300948143,0.972972989082336,0.291667014360428,11.5799999237061,0.0697328671813011,270.779998779297,0
2000,41,0.0365364998579025,0.389247000217438,0.243093997240067,0.659090995788574,13.0299997329712,0.0780852437019348,223.070007324219,0
2001,41,0.0304537005722523,0.423469007015228,0.397590011358261,0.560606002807617,5.94999980926514,0.0754642114043236,228.889999389648,0
2002,41,0.0220666993409395,0.463414996862412,0.496241003274918,0.333332985639572,6.44000005722046,0.0728814899921417,267.350006103516,0
2003,41,0.0158939007669687,0.463414996862412,0.536841988563538,0.450980007648468,6.15000009536743,0.0703432336449623,277.279998779297,0
2004,41,0.0125241996720433,0.549382984638214,0.651684999465942,0.5,4.69000005722046,0.0680608376860619,295.820007324219,0
2005,41,0.0246997997164726,0.332307994365692,0.25,0.555555999279022,7.26000022888184,0.0657382383942604,322.899993896484,0
2006,41,0.0257712993770838,0.307245999574661,0.452829986810684,0.520833015441895,17.4099998474121,0.0635552629828453,332.070007324219,0
2000,45,0.0344851985573769,0.216879993677139,0.457735002040863,0.425087004899979,10.9899997711182,0.0877565890550613,257.309997558594,0
2001,45,0.031972698867321,0.219475999474525,0.327731013298035,0.533333003520966,8.27000045776367,0.0867215469479561,267.440002441406,0
2002,45,0.0351112000644207,0.229738995432854,0.278425991535187,0.502618014812469,7.5,0.0857163295149803,290.779998779297,0
2003,45,0.0376377999782562,0.238544002175331,0.3644739985466,0.516245007514954,11.1899995803833,0.0846924036741257,304.420013427734,0
2004,45,0.0385399982333183,0.215789005160332,0.321377009153366,0.53125,9.03999996185303,0.0835230723023415,316.279998779297,0
2005,45,0.031275499612093,0.27819299697876,0.302013009786606,0.560000002384186,9.76000022888184,0.0818220898509026,340.309997558594,0
2006,45,0.0362806990742683,0.202627003192902,0.450567007064819,0.474819988012314,8.96000003814697,0.0801353678107262,367.420013427734,0
2000,47,0.0319193005561829,0.302525997161865,0.36863499879837,0.458564013242722,8.53999996185303,0.0858433991670609,279.079986572266,0
2001,47,0.0305205006152391,0.336926996707916,0.537999987602234,0.371746987104416,6.67999982833862,0.0839351415634155,300.649993896484,0
2002,47,0.029126800596714,0.21034200489521,0.647840976715088,0.328204989433289,6.36999988555908,0.081978976726532,322.059997558594,0
2003,47,0.029645100235939,0.178862005472183,0.579545021057129,0.385621011257172,5.40999984741211,0.080099381506443,338.100006103516,0
2004,47,0.0293451994657516,0.235624000430107,0.625,0.385713994503021,6.59999990463257,0.0781423896551132,355.709991455078,0
2005,47,0.0319310016930103,0.188847005367279,0.691275000572205,0.344660013914108,7.75,0.0760051310062408,367.420013427734,0
2006,47,0.0313622988760471,0.182926997542381,0.763333022594452,0.270741999149323,7.78999996185303,0.0738102495670319,355.829986572266,0
2000,49,0.03593809902668,0.270776003599167,0.309798002243042,0.432558000087738,16.8899993896484,0.139480173587799,244.389999389648,0
2001,49,0.0361096002161503,0.310411989688873,0.340425997972488,0.408087998628616,10.25,0.135913655161858,264.049987792969,0
2002,49,0.0359285995364189,0.272623986005783,0.315277993679047,0.418502002954483,8.94999980926514,0.132462307810783,273.170013427734,0
2003,49,0.0319023989140987,0.326140999794006,0.361322999000549,0.404929995536804,9.18000030517578,0.129134878516197,277.149993896484,0
2004,49,0.0301830004900694,0.322887986898422,0.398030996322632,0.392226010560989,9.80000019073486,0.126160204410553,308.929992675781,0
2005,49,0.0320147015154362,0.253111988306046,0.46229499578476,0.375887006521225,4.3600001335144,0.124189428985119,344.290008544922,0
2006,49,0.0374979004263878,0.264420002698898,0.371879011392593,0.356889992952347,8.69999980926514,0.122244790196419,375.320007324219,0
2000,51,0.0630903989076614,0.201315999031067,0.262495994567871,0.481436997652054,12.0299997329712,0.162408381700516,301.959991455078,1
2001,51,0.062867097556591,0.223799005150795,0.25729501247406,0.417665988206863,9.4399995803833,0.158547535538673,329.100006103516,1
2002,51,0.0600560009479523,0.214350998401642,0.270410001277924,0.417508006095886,7.82999992370605,0.15473672747612,362.25,1
2003,51,0.0591761991381645,0.190099999308586,0.322122007608414,0.449945986270905,11.2299995422363,0.15097613632679,391.470001220703,1
2004,51,0.0712392032146454,0.171518996357918,0.308014988899231,0.41363599896431,9.5,0.147533014416695,398.059997558594,1
2005,51,0.0704213976860046,0.166131004691124,0.275700986385345,0.424939006567001,10.8800001144409,0.144875332713127,414.079986572266,1
2006,51,0.0883848965167999,0.155248001217842,0.259833008050919,0.407627999782562,11.9300003051758,0.142237797379494,441.720001220703,1
2000,53,0.019666900858283,0.252252012491226,1.21429002285004,0.176470994949341,13.2200002670288,0.091045968234539,148.789993286133,0
2001,53,0.0199701990932226,0.184211000800133,0.69047600030899,0.241378992795944,7.42999982833862,0.0907223597168922,101.830001831055,0
2002,53,0.0222781002521515,0.217898994684219,0.642857015132904,0.194444000720978,6.98000001907349,0.0903797075152397,129.110000610352,0
2003,53,0.0138865998014808,0.228916004300117,0.921052992343903,0.371428996324539,7.8899998664856,0.0896802097558975,178.100006103516,0
2004,53,0.0170846991240978,0.159090995788574,1.05713999271393,0.378378003835678,5.96999979019165,0.0890675708651543,184.330001831055,0
2005,53,0.0138049004599452,0.337078988552094,0.5,0.333332985639572,8.92000007629395,0.0867521986365318,271.809997558594,0
2006,53,0.0140655003488064,0.303191006183624,0.140350997447968,0.25,11.960000038147,0.0847630873322487,250.419998168945,0
2000,55,0.039749801158905,0.14342600107193,0.944444000720978,0.367646992206573,7.46999979019165,0.0835457369685173,206.690002441406,0
2001,55,0.0467391982674599,0.16415399312973,0.561223983764648,0.454544991254807,15.0900001525879,0.0830383896827698,219.270004272461,0
2002,55,0.0530842989683151,0.134306997060776,0.543478012084961,0.340000003576279,9.4399995803833,0.0825579911470413,229.119995117188,0
2003,55,0.0504352003335953,0.180500999093056,0.335765987634659,0.260870009660721,10.8900003433228,0.0822679325938225,252.830001831055,0
2004,55,0.0635230988264084,0.202885001897812,0.241705998778343,0.490195989608765,8.17000007629395,0.0811983123421669,265.829986572266,0
2005,55,0.074754998087883,0.257564008235931,0.253012001514435,0.25,11.7700004577637,0.0785214528441429,281.260009765625,0
2006,55,0.0790162980556488,0.224628001451492,0.207830995321274,0.304347991943359,13.5699996948242,0.0761380717158318,319.209991455078,0
2000,57,0.0368013009428978,0.20516499876976,0.533487021923065,0.413419991731644,10.4399995803833,0.0855260267853737,234.720001220703,0
2001,57,0.0312481001019478,0.281931012868881,0.525439977645874,0.376163989305496,8.52999973297119,0.0849586874246597,237.270004272461,0
2002,57,0.0290823001414537,0.275153994560242,0.475479990243912,0.376682013273239,10.7700004577637,0.0843964964151382,265.679992675781,0
2003,57,0.025832200422883,0.290589988231659,0.489167988300323,0.303030014038086,9.18000030517578,0.0838487595319748,282.140014648438,0
2004,57,0.0259898006916046,0.303671985864639,0.483660012483597,0.326577007770538,7.40999984741211,0.08289585262537,294.359985351563,0
2005,57,0.0277820006012917,0.291424989700317,0.522512972354889,0.330660998821259,7.84999990463257,0.0807871073484421,314.380004882813,0
2006,57,0.0300216004252434,0.222001999616623,0.736908972263336,0.320623993873596,10.4700002670288,0.0787302404642105,324.670013427734,0
2000,59,0.0183936003595591,0.25764200091362,0.601695001125336,0.563380002975464,8.69999980926514,0.0794902369379997,242.479995727539,0
2001,59,0.0160809997469187,0.209876999258995,0.729412019252777,0.387097001075745,9.93000030517578,0.0798312723636627,239.169998168945,0
2002,59,0.0159540995955467,0.233989998698235,0.789474010467529,0.333332985639572,6.34000015258789,0.080259382724762,253.610000610352,0
2003,59,0.0160226002335548,0.301176011562347,0.554687976837158,0.323944002389908,9.15999984741211,0.0805690884590149,275.940002441406,0
2004,59,0.0159239992499352,0.231650993227959,1.22772002220154,0.24193499982357,11.6899995803833,0.0803874284029007,292.929992675781,0
2005,59,0.0193287003785372,0.79626202583313,0.136150002479553,0.431033998727798,8.71000003814697,0.0790291503071785,300.929992675781,0
2006,59,0.0233327001333237,0.22775299847126,0.622516989707947,0.425532013177872,6.5,0.0775692835450172,316.570007324219,0
2000,61,0.0248057004064322,0.191699996590614,0.912370979785919,0.395480006933212,8.9399995803833,0.0861587524414063,189.679992675781,0
2001,61,0.0225080996751785,0.279781013727188,0.628906011581421,0.447205007076263,7.71999979019165,0.08449537307024,196.839996337891,0
2002,61,0.017748499289155,0.411523014307022,0.546666979789734,0.481707006692886,10.1300001144409,0.0827740505337715,215.300003051758,0
2003,61,0.0169916991144419,0.396526992321014,0.547444999217987,0.400000005960464,8.35999965667725,0.0811304897069931,224.449996948242,0
2004,61,0.0179393999278545,0.49592399597168,0.454795002937317,0.391566008329391,9.64000034332275,0.0794322788715363,240.669998168945,0
2005,61,0.0215632002800703,0.343537002801895,0.640263974666595,0.350515007972717,12.3000001907349,0.0775928422808647,251.949996948242,0
2006,61,0.0233676992356777,0.398119002580643,0.493438005447388,0.361701995134354,8.77000045776367,0.0757990181446075,266.579986572266,0
2000,63,0.0813022032380104,0.157453998923302,0.270823001861572,0.388678997755051,16.1800003051758,0.102325491607189,407.450012207031,1
2001,63,0.0785856992006302,0.155625000596046,0.313591003417969,0.394603997468948,12.6000003814697,0.101020701229572,449.769989013672,1
2002,63,0.0760821998119354,0.140742003917694,0.349671006202698,0.417093992233276,9.77000045776367,0.0997372791171074,487.809997558594,1
2003,63,0.0739590004086494,0.128979995846748,0.405120998620987,0.465153992176056,11.8199996948242,0.0985008999705315,526.280029296875,1
2004,63,0.0703023001551628,0.142793998122215,0.519002974033356,0.400959998369217,10.0900001525879,0.097263291478157,551.960021972656,1
2005,63,0.0690603032708168,0.113017998635769,0.509539008140564,0.42433699965477,11.3599996566772,0.0959648117423058,593.469970703125,1
2006,63,0.0706598982214928,0.133224993944168,0.459215998649597,0.363635987043381,11.5100002288818,0.0946898087859154,646.849975585938,1
2000,65,0.0541680008172989,0.130331993103027,0.524675011634827,0.480197995901108,9.61999988555908,0.0905424803495407,250.330001831055,0
2001,65,0.0524684004485607,0.158603996038437,0.566448986530304,0.538461983203888,7.40999984741211,0.0883003026247025,251.070007324219,0
2002,65,0.0458802990615368,0.155259996652603,0.397985011339188,0.462024986743927,8.78999996185303,0.0861127078533173,266.480010986328,0
2003,65,0.0481331013143063,0.135991007089615,0.646574974060059,0.58050799369812,11.0299997329712,0.083978071808815,276.769989013672,0
2004,65,0.06034180149436,0.311758011579514,0.140316992998123,0.389140009880066,8.21000003814697,0.0816832482814789,296.390014648438,0
2005,65,0.0636435002088547,0.286722004413605,0.141192004084587,0.426605999469757,9.77000045776367,0.0789509266614914,304.619995117188,0
2006,65,0.0658800974488258,0.287330001592636,0.154451996088028,0.403921991586685,9.84000015258789,0.0762234628200531,313.709991455078,0
2000,67,0.0619137994945049,0.185028001666069,0.288693010807037,0.529987990856171,10.0100002288818,0.0888331383466721,198.339996337891,1
2001,67,0.0623111017048359,0.203160002827644,0.2899149954319,0.644492983818054,8.07999992370605,0.0869502499699593,203.919998168945,1
2002,67,0.059356801211834,0.205524995923042,0.294804990291595,0.583700001239777,7.17999982833862,0.085110679268837,217.070007324219,1
2003,67,0.0518556013703346,0.22027100622654,0.297982007265091,0.548793971538544,8.97000026702881,0.0833009630441666,230.789993286133,1
2004,67,0.0475792996585369,0.222561001777649,0.276769012212753,0.519411027431488,8.53999996185303,0.0813421607017517,239.009994506836,1
2005,67,0.0573537983000278,0.201051995158196,0.266018003225327,0.503153026103973,8.63000011444092,0.0788760334253311,256.049987792969,1
2006,67,0.0614176988601685,0.217215001583099,0.248275995254517,0.488425999879837,10.5699996948242,0.0764797329902649,275.720001220703,1
2000,69,0.0151278004050255,0.430180013179779,0.628271996974945,0.474999994039536,13.2600002288818,0.0950720384716988,379.820007324219,0
2001,69,0.0125657003372908,0.466488003730774,0.74712598323822,0.35384601354599,11.5900001525879,0.0928766429424286,409.519989013672,0
2002,69,0.0140695003792644,0.469193994998932,1.06061005592346,0.25238099694252,9.47000026702881,0.0907606109976768,447.019989013672,0
2003,69,0.0129610002040863,0.492386013269424,0.438143998384476,0.505882024765015,7.05000019073486,0.0886980071663857,493.859985351563,0
2004,69,0.0123078003525734,0.386301010847092,0.929077982902527,0.381678998470306,8.60000038146973,0.0866098403930664,484.339996337891,0
2005,69,0.0166800990700722,0.304832994937897,0.817072987556458,0.335821002721787,10.2799997329712,0.0841691568493843,521.059997558594,0
2006,69,0.0173157993704081,0.283504992723465,0.739394009113312,0.418033003807068,9.10000038146973,0.0818194821476936,560.780029296875,0
2000,71,0.0578314997255802,0.200020998716354,0.304737001657486,0.424870014190674,11.539999961853,0.0851048305630684,251.270004272461,0
2001,71,0.067441999912262,0.17952199280262,0.245524004101753,0.474999994039536,7.82000017166138,0.0842904970049858,257.209991455078,0
2002,71,0.0609886981546879,0.162984997034073,0.3558169901371,0.483478009700775,8.85999965667725,0.0834979265928268,291.410003662109,0
2003,71,0.0585782006382942,0.168659001588821,0.284675985574722,0.468084990978241,7.53000020980835,0.0827010795474052,305.630004882813,0
2004,71,0.0571814998984337,0.219946995377541,0.274480998516083,0.528998017311096,9.15999984741211,0.0818150565028191,316.649993896484,0
2005,71,0.0555218011140823,0.249463006854057,0.209983006119728,0.448769986629486,9.39000034332275,0.0805967673659325,342.970001220703,0
2006,71,0.0544060990214348,0.24311900138855,0.229589998722076,0.379175007343292,11.289999961853,0.0793902799487114,358.950012207031,0
2000,77,0.0321368984878063,0.214431002736092,0.573459982872009,0.421487987041473,7.76999998092651,0.0938803926110268,236.029998779297,0
2001,77,0.0380831994116306,0.213854998350143,0.566901028156281,0.459627002477646,7.07999992370605,0.0927062034606934,255.699996948242,0
2002,77,0.0347969010472298,0.233279004693031,0.727272987365723,0.346154004335403,8.5600004196167,0.0917349085211754,273.470001220703,0
2003,77,0.0352097004652023,0.278521001338959,0.466102004051209,0.454544991254807,9.35000038146973,0.0906859412789345,286.359985351563,0
2004,77,0.0398521013557911,0.206370994448662,0.68120801448822,0.512314975261688,6.82000017166138,0.0892359763383865,302.579986572266,0
2005,77,0.0432589016854763,0.179697006940842,0.414034992456436,0.58474600315094,6.67999982833862,0.0862664803862572,312.269989013672,0
2006,77,0.0441957004368305,0.190876007080078,0.528302013874054,0.488094985485077,9.60000038146973,0.0834576413035393,360.209991455078,0
2000,79,0.0187769997864962,0.332237005233765,0.603959977626801,0.426230013370514,7.48999977111816,0.0968262776732445,158.229995727539,0
2001,79,0.0166299007833004,0.298754990100861,1,0.513889014720917,9.59000015258789,0.0940452516078949,173.320007324219,0
2002,79,0.0137267000973225,0.22885599732399,0.804347991943359,0.486485987901688,8.07999992370605,0.0910746827721596,178.5,0
2003,79,0.011519500054419,0.357143014669418,1.13332998752594,0.33823499083519,6.17000007629395,0.0879626795649529,187.830001831055,0
2004,79,0.0118945995345712,0.316327005624771,0.919354975223541,0.508772015571594,6.09000015258789,0.0853097811341286,189.160003662109,0
2005,79,0.0112693002447486,0.24193499982357,1,0.488889008760452,7.11999988555908,0.0834844633936882,200.270004272461,0
2006,79,0.015675900503993,0.411538004875183,0.308411002159119,0.454544991254807,6.19000005722046,0.0812025517225266,218.300003051758,0
2000,81,0.0634680017828941,0.259209990501404,0.23649799823761,0.526441991329193,20.5200004577637,0.0920546427369118,306.910003662109,1
2001,81,0.0597608983516693,0.280018985271454,0.242770001292229,0.496205985546112,11.6099996566772,0.0912081971764565,328.010009765625,1
2002,81,0.0524466000497341,0.288780003786087,0.268882006406784,0.456928998231888,12.3500003814697,0.0903812497854233,348.350006103516,1
2003,81,0.0485070012509823,0.281098991632462,0.261101990938187,0.444444000720978,12.2799997329712,0.089562252163887,369.230010986328,1
2004,81,0.0527319014072418,0.309379994869232,0.231521993875504,0.501218974590302,10.6400003433228,0.0882898196578026,388.630004882813,1
2005,81,0.0570521987974644,0.282828003168106,0.229781001806259,0.419407993555069,12.8900003433228,0.0856773480772972,406.320007324219,1
2006,81,0.0604498013854027,0.300215005874634,0.20372499525547,0.431019991636276,14.4200000762939,0.0831047594547272,448.859985351563,1
2000,83,0.0314616002142429,0.406452000141144,0.443001002073288,0.42671000957489,10.2600002288818,0.088306613266468,256.239990234375,0
2001,83,0.031598299741745,0.408199012279511,0.44837298989296,0.504732012748718,7.59000015258789,0.0864304378628731,274.119995117188,0
2002,83,0.0265987999737263,0.455233991146088,0.4583959877491,0.478547990322113,8.8100004196167,0.0845222324132919,299.609985351563,0
2003,83,0.0268713999539614,0.349898993968964,0.596929013729095,0.511254012584686,7.94000005722046,0.0827011168003082,299.920013427734,0
2004,83,0.0289041996002197,0.398487001657486,0.568037986755371,0.417827010154724,8.82999992370605,0.0806517824530602,316.410003662109,0
2005,83,0.026502899825573,0.455168008804321,0.624059975147247,0.373493999242783,9,0.0779299512505531,357.859985351563,0
2006,83,0.0315751992166042,0.456393986940384,0.457210004329681,0.410255998373032,7.84999990463257,0.0752190500497818,360.269989013672,0
2000,85,0.0383181013166904,0.229671001434326,0.323917001485825,0.441859990358353,7.90999984741211,0.113852463662624,213.279998779297,0
2001,85,0.0448325984179974,0.207601994276047,0.369717985391617,0.509523987770081,4.82999992370605,0.112616747617722,210.470001220703,0
2002,85,0.041159201413393,0.213553994894028,0.559041023254395,0.491748988628387,7.34000015258789,0.111400097608566,253.149993896484,0
2003,85,0.0354901999235153,0.232747003436089,0.505814015865326,0.41762501001358,7.21000003814697,0.1102299913764,248.490005493164,0
2004,85,0.0372284017503262,0.203631997108459,0.486200004816055,0.393013000488281,7.78999996185303,0.10906296223402,282.619995117188,0
2005,85,0.0419199988245964,0.18970100581646,0.461077988147736,0.506493985652924,6.07999992370605,0.107983127236366,288.829986572266,0
2006,85,0.0490712001919746,0.146132007241249,0.549019992351532,0.428570985794067,8.77999973297119,0.106941692531109,310.859985351563,0
2000,87,0.0249671991914511,0.271804004907608,0.355140000581741,0.38596498966217,9.89000034332275,0.0808826684951782,384.399993896484,0
2001,87,0.0294295996427536,0.253551006317139,0.218486994504929,0.294871985912323,8.48999977111816,0.0809622928500175,418.079986572266,0
2002,87,0.0292304996401072,0.26468500494957,0.366310000419617,0.335765987634659,10.3299999237061,0.0810045823454857,460.510009765625,0
2003,87,0.0299963001161814,0.264176994562149,0.340314000844955,0.376922994852066,10.1599998474121,0.0810737013816834,509.170013427734,0
2004,87,0.0302089005708694,0.284615010023117,0.368550002574921,0.400000005960464,9.0600004196167,0.0805623903870583,526.799987792969,0
2005,87,0.0235256999731064,0.267080992460251,0.574751019477844,0.254334986209869,10.1899995803833,0.0782809481024742,556.950012207031,0
2006,87,0.0286781005561352,0.215108007192612,0.54849499464035,0.341462999582291,11.1099996566772,0.0760089084506035,588.989990234375,0
2000,89,0.0268277991563082,0.341524988412857,0.391144007444382,0.405660003423691,10.8500003814697,0.0715267509222031,296.559997558594,0
2001,89,0.0290651991963387,0.267969995737076,0.379828006029129,0.37288099527359,6.8899998664856,0.0715657621622086,324.890014648438,0
2002,89,0.0266805998980999,0.270303994417191,0.348623991012573,0.447367995977402,8.85999965667725,0.0715677365660667,349.369995117188,0
2003,89,0.0222881007939577,0.340876996517181,0.433609992265701,0.363635987043381,7.32999992370605,0.0715862885117531,365.929992675781,0
2004,89,0.0268713999539614,0.28710600733757,0.483034014701843,0.392562001943588,6.34999990463257,0.0711764767765999,395.100006103516,0
2005,89,0.0286616999655962,0.229837000370026,0.48853200674057,0.39436599612236,7.94000005722046,0.0695144012570381,409.989990234375,0
2006,89,0.0283835995942354,0.296645998954773,0.386925995349884,0.415524989366531,5.51000022888184,0.0679534301161766,443.700012207031,0
2000,91,0.0327882990241051,0.341398000717163,0.4566929936409,0.491378992795944,10.1300001144409,0.10088487714529,221.100006103516,0
2001,91,0.0339433997869492,0.364569991827011,0.366196990013123,0.471154004335403,8.86999988555908,0.0987170189619064,237.270004272461,0
2002,91,0.0288929995149374,0.335821002721787,0.368889003992081,0.518072009086609,13.0200004577637,0.0965078622102737,252.889999389648,0
2003,91,0.0292985998094082,0.345133006572723,0.636752009391785,0.348993003368378,6.1100001335144,0.0943324789404869,254.440002441406,0
2004,91,0.026587700471282,0.281201004981995,0.556180000305176,0.505051016807556,10.039999961853,0.0921553075313568,276.260009765625,0
2005,91,0.0315164998173714,0.354110985994339,0.404493987560272,0.379629999399185,11.1000003814697,0.0896924436092377,287.880004882813,0
2006,91,0.038426298648119,0.34307399392128,0.589905023574829,0.454544991254807,8.78999996185303,0.0872922614216805,316.190002441406,0
2000,93,0.0371140986680985,0.332464009523392,0.694118022918701,0.367231994867325,7.84000015258789,0.103497572243214,215.190002441406,0
2001,93,0.0312409996986389,0.31852999329567,0.572115004062653,0.336133986711502,5.05000019073486,0.0998651683330536,221.800003051758,0
2002,93,0.0292153991758823,0.327390998601913,0.658415973186493,0.421052992343903,7.46000003814697,0.0963136404752731,236.130004882813,0
2003,93,0.0336594991385937,0.316285014152527,0.46382999420166,0.403670012950897,7.15000009536743,0.0928974077105522,250.770004272461,0
2004,93,0.0313736014068127,0.308782011270523,0.513760983943939,0.464285999536514,5.28999996185303,0.0901013016700745,240.029998779297,0
2005,93,0.0384803004562855,0.317552000284195,0.44727298617363,0.43902400135994,8.10999965667725,0.0882480069994926,273.799987792969,0
2006,93,0.0362222008407116,0.338901996612549,0.573943972587585,0.484663009643555,5.44999980926514,0.0863369703292847,298.779998779297,0
2000,97,0.0417355000972748,0.292683005332947,0.428431004285812,0.3524030148983,10.7799997329712,0.0838440731167793,237.139999389648,0
2001,97,0.0427796989679337,0.267091006040573,0.498445987701416,0.451142996549606,7.40000009536743,0.0828349813818932,235.759994506836,0
2002,97,0.0363495983183384,0.245002999901772,0.552631974220276,0.323810011148453,8.26000022888184,0.0818596333265305,272.989990234375,0
2003,97,0.0345320999622345,0.335916012525558,0.580742001533508,0.369603008031845,6.82999992370605,0.0808792933821678,285.769989013672,0
2004,97,0.0359180010855198,0.270653009414673,0.679334998130798,0.382867008447647,6.46000003814697,0.0797812715172768,299.040008544922,0
2005,97,0.0408816002309322,0.240819007158279,0.633294999599457,0.360294014215469,6.28999996185303,0.0781216397881508,320.970001220703,0
2006,97,0.0334505997598171,0.302231013774872,0.595077991485596,0.409774005413055,6.61999988555908,0.0765543282032013,346.510009765625,0
2000,99,0.0186695996671915,0.117885999381542,0.655171990394592,0.210526004433632,17.0300006866455,0.139849215745926,169.809997558594,0
2001,99,0.0198468994349241,0.141776993870735,1.02666997909546,0.168831005692482,8.64000034332275,0.138492867350578,166.380004882813,0
2002,99,0.0155948000028729,0.0595237985253334,1.87999999523163,0.148936003446579,7.71000003814697,0.137064188718796,192.300003051758,0
2003,99,0.0150138000026345,0.117646999657154,0.8125,0.46153798699379,7.78999996185303,0.135736539959908,213.979995727539,0
2004,99,0.0132967997342348,0.11515200138092,1.78946995735168,0.323529005050659,5.44999980926514,0.134144082665443,249.410003662109,0
2005,99,0.0185803007334471,0.120350003242493,0.781817972660065,0.209301993250847,4.55000019073486,0.131495833396912,237.130004882813,0
2006,99,0.0171865001320839,0.153845995664597,1.23438000679016,0.556962013244629,14.75,0.12894706428051,258.989990234375,0
2000,101,0.0306113995611668,0.173852995038033,0.906666994094849,0.47647100687027,8.14000034332275,0.0823627933859825,235.839996337891,0
2001,101,0.0331685990095139,0.183908000588417,0.708333015441895,0.437907993793488,6.53000020980835,0.0813728719949722,243.339996337891,0
2002,101,0.0284244995564222,0.184366002678871,0.813332974910736,0.37049201130867,6.82999992370605,0.0804222077131271,258.510009765625,0
2003,101,0.0300807002931833,0.18215100467205,0.660803973674774,0.433459997177124,6.28999996185303,0.0794602110981941,270.470001220703,0
2004,101,0.0315834991633892,0.159032002091408,0.682065010070801,0.5139439702034,6.30000019073486,0.0784657970070839,286.109985351563,0
2005,101,0.0377065017819405,0.419389992952347,0.246574997901917,0.423610985279083,7.34000015258789,0.0772581472992897,306.670013427734,0
2006,101,0.0409402996301651,0.149936005473137,0.571429014205933,0.473881006240845,9.64999961853027,0.0760944932699203,325.029998779297,0
2000,105,0.0626787021756172,0.255327999591827,0.437395989894867,0.465649008750916,7.51000022888184,0.085504561662674,258.369995117188,0
2001,105,0.0579284988343716,0.278614014387131,0.523732006549835,0.521875023841858,4.6100001335144,0.0838366225361824,266.220001220703,0
2002,105,0.0482863001525402,0.266918987035751,0.476673007011414,0.519149005413055,7.59999990463257,0.0823587626218796,287.200012207031,0
2003,105,0.0354481004178524,0.300000011920929,0.459854006767273,0.486772000789642,4.32000017166138,0.0809147134423256,299.200012207031,0
2004,105,0.0445928014814854,0.268570989370346,0.493616998195648,0.495689988136292,6.90999984741211,0.079126238822937,327.459991455078,0
2005,105,0.0504341013729572,0.294376999139786,0.342193007469177,0.495146006345749,6.48999977111816,0.0763651430606842,342.959991455078,0
2006,105,0.0514152012765408,0.381399989128113,0.384236007928848,0.381410002708435,8.8100004196167,0.0736591964960098,352.079986572266,0
2000,107,0.0434508994221687,0.23173500597477,0.328406989574432,0.564999997615814,9.30000019073486,0.0864914283156395,284.279998779297,0
2001,107,0.0465891994535923,0.225262999534607,0.532710015773773,0.274854004383087,9.3100004196167,0.0845032930374146,291.679992675781,0
2002,107,0.0489078983664513,0.246113002300262,0.302419006824493,0.475555986166,7.32999992370605,0.0825023129582405,315.329986572266,0
2003,107,0.0479757003486156,0.233998998999596,0.341533988714218,0.453390002250671,8.17000007629395,0.0805014222860336,322.059997558594,0
2004,107,0.0451353006064892,0.295412987470627,0.275775998830795,0.495494991540909,6.80999994277954,0.0785185396671295,338.739990234375,0
2005,107,0.0450372993946075,0.306499004364014,0.269879996776581,0.375,7.84999990463257,0.0765498578548431,341.910003662109,0
2006,107,0.0497552007436752,0.212895005941391,0.364353001117706,0.450215995311737,8.47000026702881,0.0745552331209183,350.630004882813,0
2000,109,0.0149547001346946,0.307572990655899,0.497487008571625,0.414140999317169,9.15999984741211,0.0841339379549026,232.419998168945,0
2001,109,0.0174821000546217,0.207843005657196,0.471697986125946,0.413332998752594,7.23999977111816,0.0841220691800117,233.839996337891,0
2002,109,0.0189750008285046,0.234803006052971,0.527918994426727,0.375,7.84999990463257,0.0840210914611816,260.929992675781,0
2003,109,0.0193140991032124,0.221963003277779,0.473684012889862,0.555555999279022,8.89000034332275,0.0840198397636414,269.760009765625,0
2004,109,0.0199466999620199,0.244343996047974,0.51851898431778,0.446429014205933,13.4499998092651,0.0836017802357674,283.769989013672,0
2005,109,0.0178686995059252,0.346249997615814,0.418772995471954,0.48275899887085,12.7299995422363,0.0820287093520164,307.220001220703,0
2006,109,0.0230995006859303,0.162769004702568,0.781608998775482,0.41176500916481,9.11999988555908,0.0805094614624977,320.200012207031,0
2000,111,0.0231378003954887,0.321211993694305,0.418868005275726,0.41441398859024,11.960000038147,0.0762991607189178,187.410003662109,0
2001,111,0.0207409001886845,0.24465200304985,0.459015995264053,0.547618985176086,10.0900001525879,0.0749438181519508,201.460006713867,0
2002,111,0.0130077004432678,0.352320998907089,0.532934010028839,0.494381994009018,9.06999969482422,0.0736378282308578,217.270004272461,0
2003,111,0.0127419997006655,0.38297900557518,0.527778029441834,0.515788972377777,7.42000007629395,0.0724307298660278,207.880004882813,0
2004,111,0.0144763998687267,0.356725007295609,0.568306028842926,0.346154004335403,6.51999998092651,0.0711780786514282,224.770004272461,0
2005,111,0.0170996002852917,0.245470002293587,0.664430022239685,0.363635987043381,5.46000003814697,0.0698633119463921,254.880004882813,0
2006,111,0.0183048006147146,0.202112004160881,0.522387981414795,0.542856991291046,11.0600004196167,0.0686189904808998,260.350006103516,0
2000,113,0.0121416002511978,0.417670994997025,0.201922997832298,0.523810029029846,7.3899998664856,0.0964656472206116,195.820007324219,0
2001,113,0.00935299973934889,0.546392023563385,0.141508996486664,0.266667008399963,5.21999979019165,0.095459908246994,202.660003662109,0
2002,113,0.0118808997794986,0.42570298910141,0.122642002999783,0.307691991329193,6.23000001907349,0.0945417881011963,217.100006103516,0
2003,113,0.0111991995945573,0.532000005245209,0.225564002990723,0.300000011920929,6.55999994277954,0.0936862379312515,203.380004882813,0
2004,113,0.0115497997030616,0.501900970935822,0.196970000863075,0.153845995664597,4.69000005722046,0.0927475616335869,246.440002441406,0
2005,113,0.0111381001770496,0.233463004231453,0.866666972637177,0.346154004335403,7.46000003814697,0.0922411307692528,287.420013427734,0
2006,113,0.0142070995643735,0.179877996444702,0.220339000225067,0.46153798699379,6.3899998664856,0.0917181968688965,291.100006103516,0
2000,115,0.0053565502166748,0.3125,2.79999995231628,0.357143014669418,25.8299999237061,0.0856250524520874,331.640014648438,0
2001,115,0.00365964998491108,1,1.625,0.46153798699379,16.8500003814697,0.0835208371281624,345.529998779297,0
2002,115,0.00181159004569054,2.75,2.27273011207581,0.239999994635582,16.0699996948242,0.0813772082328796,403.799987792969,0
2003,115,0.00188146997243166,1,3,0.583333015441895,8.68000030517578,0.0792497992515564,421.070007324219,0
2004,115,0.00479489006102085,0.888889014720917,1.625,0.46153798699379,7,0.0771637484431267,437.690002441406,0
2005,115,0.00475184991955757,1,2.55556011199951,0.260870009660721,6.94000005722046,0.0748325064778328,461.339996337891,0
2006,115,0.00553320022299886,1.09090995788574,1.5,0.5,20.7000007629395,0.0725349485874176,448.420013427734,0
2000,117,0.0127531001344323,0.609090983867645,0.651741027832031,0.43511500954628,11.7700004577637,0.0809707492589951,235.779998779297,0
2001,117,0.0175384990870953,0.27233099937439,0.927999973297119,0.568965971469879,6.84000015258789,0.0802753567695618,250.949996948242,0
2002,117,0.01455959957093,0.319480985403061,0.902438998222351,0.594595015048981,13.25,0.0796037763357162,267.5,0
2003,117,0.0188913997262716,0.261476993560791,1.08396995067596,0.471830993890762,13.6400003433228,0.0789393931627274,280.25,0
2004,117,0.0177404005080462,0.307368010282516,0.924658000469208,0.429630011320114,9.89999961853027,0.0782115235924721,300.570007324219,0
2005,117,0.0228867009282112,0.249180004000664,0.769737005233765,0.376067996025085,5.90999984741211,0.0772355496883392,313.369995117188,0
2006,117,0.0268722996115685,0.370474010705948,0.793232977390289,0.236966997385025,11.8299999237061,0.0763211622834206,327.290008544922,0
2000,119,0.0816494971513748,0.172960996627808,0.218017995357513,0.374204009771347,13.8199996948242,0.0908054783940315,331.790008544922,1
2001,119,0.0890351980924606,0.175904005765915,0.223615005612373,0.365397989749908,12.7299995422363,0.0895044133067131,365.679992675781,1
2002,119,0.0854818969964981,0.172279998660088,0.27198401093483,0.301683008670807,11.2799997329712,0.0882575362920761,382.640014648438,1
2003,119,0.0868929028511047,0.164383992552757,0.28829699754715,0.452679991722107,7.76999998092651,0.0870461910963058,406.589996337891,1
2004,119,0.087466299533844,0.151540994644165,0.320506006479263,0.505137979984283,6.40999984741211,0.0853628218173981,430.089996337891,1
2005,119,0.0913065969944,0.156771004199982,0.351752012968063,0.488779008388519,6.90999984741211,0.0822007209062576,461.429992675781,1
2006,119,0.0989658981561661,0.149094000458717,0.347799986600876,0.486182987689972,7.13000011444092,0.0791649520397186,494.299987792969,1
2000,123,0.0374067015945911,0.430932998657227,0.276712000370026,0.356436014175415,10.8699998855591,0.0877541080117226,204.429992675781,0
2001,123,0.0354990996420383,0.467404991388321,0.265789002180099,0.376237988471985,9.17000007629395,0.0867443382740021,209.759994506836,0
2002,123,0.0333204008638859,0.400777995586395,0.355987012386322,0.436363995075226,7.17000007629395,0.0856528282165527,238.020004272461,0
2003,123,0.0302041005343199,0.455191999673843,0.259375005960464,0.445782989263535,6.90000009536743,0.0845153704285622,245.139999389648,0
2004,123,0.0321127995848656,0.431192994117737,0.24923999607563,0.426829010248184,6.15999984741211,0.083445318043232,258.299987792969,0
2005,123,0.0338800996541977,0.390211999416351,0.4983049929142,0.278912007808685,9.67000007629395,0.0821975320577621,262.75,0
2006,123,0.030018400400877,0.48743000626564,0.226361006498337,0.443037986755371,6.48999977111816,0.0811937600374222,277.339996337891,0
2000,125,0.0330361984670162,0.31189900636673,0.649326026439667,0.350147992372513,15.3900003433228,0.0844627022743225,215.110000610352,0
2001,125,0.0295612998306751,0.290836989879608,0.518265008926392,0.330395996570587,5.98999977111816,0.0827118530869484,222.179992675781,0
2002,125,0.0264992993324995,0.329912006855011,0.522221982479095,0.391488999128342,11.6300001144409,0.0810130909085274,245.699996948242,0
2003,125,0.0240550991147757,0.298289000988007,0.521857976913452,0.460732996463776,8.11999988555908,0.079361267387867,251.419998168945,0
2004,125,0.0230652000755072,0.350531995296478,0.448597997426987,0.421875,9.05000019073486,0.0777308568358421,269.410003662109,0
2005,125,0.0237336996942759,0.288854002952576,0.747282981872559,0.352726995944977,8.3100004196167,0.0759008899331093,280.200012207031,0
2006,125,0.0266286991536617,0.269042998552322,0.438960999250412,0.396450012922287,7.3600001335144,0.0741533488035202,277.679992675781,0
2000,127,0.0495042018592358,0.582503974437714,0.12584200501442,0.522634029388428,13.539999961853,0.0851622000336647,219.899993896484,0
2001,127,0.0505650006234646,0.454035013914108,0.17382800579071,0.569288015365601,11.0600004196167,0.0833929628133774,243.610000610352,0
2002,127,0.043953500688076,0.437831997871399,0.189065992832184,0.554216980934143,8.43000030517578,0.0816317722201347,263.149993896484,0
2003,127,0.0448500998318195,0.38441601395607,0.222875997424126,0.56981098651886,11,0.0799622610211372,275.089996337891,0
2004,127,0.0258141998201609,0.155450001358986,1.68902003765106,0.418772995471954,9.76000022888184,0.0781521275639534,298.959991455078,0
2005,127,0.0259866993874311,0.205055996775627,1.29224002361298,0.388693004846573,11.3800001144409,0.0760691314935684,312.230010986328,0
2006,127,0.0291495993733406,0.179616004228592,1.35813999176025,0.335615992546082,15.9899997711182,0.0740028768777847,329.869995117188,0
2000,129,0.0839217975735664,0.216806992888451,0.38655498623848,0.42391300201416,8.5600004196167,0.0898362621665001,322.790008544922,1
2001,129,0.0777385011315346,0.236873999238014,0.435095012187958,0.403302013874054,7.21000003814697,0.088395319879055,348.790008544922,1
2002,129,0.0634986981749535,0.250625997781754,0.412456005811691,0.522791981697083,7.57000017166138,0.0870337188243866,377.809997558594,1
2003,129,0.0661002993583679,0.223792001605034,0.336634010076523,0.41176500916481,8.56999969482422,0.0856435671448708,378.760009765625,1
2004,129,0.0709140002727509,0.224473997950554,0.395054996013641,0.452692985534668,7.69999980926514,0.084255650639534,397.709991455078,1
2005,129,0.0763695985078812,0.23369899392128,0.38799199461937,0.4356310069561,8.89000034332275,0.0826670601963997,456.880004882813,1
2006,129,0.0834982022643089,0.236600995063782,0.393413007259369,0.415158003568649,9.56999969482422,0.0810992121696472,464.489990234375,1
2000,131,0.0218448005616665,0.54237300157547,0.347656011581421,0.449438005685806,10.1000003814697,0.0978319495916367,196.410003662109,0
2001,131,0.020295100286603,0.498824000358582,0.547169983386993,0.362069010734558,10.1499996185303,0.0958842411637306,209.470001220703,0
2002,131,0.015502399764955,0.50304901599884,0.496969997882843,0.585366010665894,8.13000011444092,0.0940832421183586,231.070007324219,0
2003,131,0.013799300417304,0.587629020214081,0.619883000850677,0.31132099032402,10.8299999237061,0.092257522046566,218.679992675781,0
2004,131,0.0144597999751568,0.777778029441834,0.423644989728928,0.476743996143341,7.44999980926514,0.0900932922959328,233.669998168945,0
2005,131,0.0155081003904343,0.641843974590302,0.530386984348297,0.427082985639572,11.6599998474121,0.0867839679121971,255.149993896484,0
2006,131,0.0189848002046347,0.689023971557617,0.49557501077652,0.401785999536514,9.97000026702881,0.0835643410682678,278.700012207031,0
2000,133,0.0418209992349148,0.229850992560387,0.350638002157211,0.319480985403061,10.1300001144409,0.274358361959457,206.190002441406,0
2001,133,0.0405609011650085,0.234742000699043,0.294544994831085,0.407406985759735,10.539999961853,0.269015729427338,207.240005493164,0
2002,133,0.039308100938797,0.213348001241684,0.370256006717682,0.376731008291245,8.25,0.263817340135574,234.020004272461,0
2003,133,0.0381837002933025,0.224901005625725,0.340155988931656,0.366762012243271,10.7799997329712,0.258806228637695,229.110000610352,0
2004,133,0.0517775006592274,0.239667996764183,0.241749003529549,0.334470987319946,8.71000003814697,0.254404962062836,241.889999389648,0
2005,133,0.053540401160717,0.244457006454468,0.253048986196518,0.370481997728348,7.26999998092651,0.25152912735939,250.740005493164,0
2006,133,0.055128701031208,0.266959995031357,0.271946996450424,0.334951013326645,8.98999977111816,0.248711615800858,258.25,0
2000,135,0.057082399725914,0.134516000747681,0.409014999866486,0.383673012256622,9.09000015258789,0.144422650337219,283.739990234375,0
2001,135,0.0540804006159306,0.137098997831345,0.42051300406456,0.361788988113403,7.84999990463257,0.142601266503334,315.440002441406,0
2002,135,0.0516531988978386,0.128946006298065,0.395480006933212,0.347618997097015,7.59999990463257,0.140844717621803,334.579986572266,0
2003,135,0.0524006001651287,0.109683997929096,0.336225986480713,0.56129002571106,10.7299995422363,0.139188453555107,357.209991455078,0
2004,135,0.0517817996442318,0.106241002678871,0.441704005002975,0.385787010192871,8.21000003814697,0.137368500232697,372.980010986328,0
2005,135,0.055426798760891,0.0906305015087128,0.495169013738632,0.360976010560989,10.8999996185303,0.135142788290977,392.779998779297,0
2006,135,0.0628971979022026,0.0927700027823448,0.477732986211777,0.385592997074127,11.9200000762939,0.133029118180275,388.75,0
2000,137,0.0127291996032,0.25373101234436,0.735293984413147,0.479999989271164,19.0599994659424,0.0798045620322227,127.080001831055,0
2001,137,0.0204753000289202,0.233944997191429,0.490195989608765,0.280000001192093,9.14999961853027,0.0785741284489632,127.099998474121,0
2002,137,0.0175679996609688,0.111731998622417,2.04999995231628,0.390244007110596,6.44000005722046,0.0770604312419891,125.389999389648,0
2003,137,0.0106549002230167,0.201835006475449,1.13636004924774,0.439999997615814,12.2399997711182,0.0756286978721619,134.889999389648,0
2004,137,0.0108666000887752,0.271185994148254,0.59375,0.421052992343903,4.21999979019165,0.0742574334144592,145.899993896484,0
2005,137,0.0124818002805114,0.277372002601624,1.21053004264832,0.304347991943359,5.25,0.0724254325032234,154.949996948242,0
2006,137,0.0126662002876401,0.207142993807793,1.06896996498108,0.322580993175507,6.17999982833862,0.0709837004542351,192.960006713867,0
2000,139,0.0278243999928236,0.628767013549805,0.318082988262177,0.404110014438629,8.88000011444092,0.109603926539421,197.789993286133,0
2001,139,0.0272460002452135,0.526970982551575,0.354330986738205,0.488889008760452,8.32999992370605,0.107640936970711,201.380004882813,0
2002,139,0.0270390994846821,0.5241379737854,0.300000011920929,0.394737005233765,7.82999992370605,0.105726413428783,219.820007324219,0
2003,139,0.0295937992632389,0.529884994029999,0.277657002210617,0.367188006639481,8.10999965667725,0.103847213089466,221.009994506836,0
2004,139,0.0362155996263027,0.408571004867554,0.354312002658844,0.493420988321304,7.71999979019165,0.101749986410141,236.399993896484,0
2005,139,0.0290229991078377,0.420188009738922,0.365922003984451,0.458014994859695,9.21000003814697,0.0989642068743706,243.600006103516,0
2006,139,0.0243469998240471,0.522696018218994,0.289474010467529,0.3454549908638,14.2200002670288,0.0962556302547455,264.25,0
2000,141,0.0287833996117115,0.233024999499321,0.251655995845795,0.421052992343903,7.80000019073486,0.08631531894207,170.229995727539,0
2001,141,0.0267456993460655,0.223316997289658,0.617646992206573,0.333332985639572,7.21999979019165,0.0850544720888138,178.690002441406,0
2002,141,0.0907109007239342,0.298076987266541,1.09677004814148,0.470587998628616,10.0200004577637,0.083751879632473,192.619995117188,0
2003,141,0.084791399538517,0.380952000617981,2.20832991600037,0.50943398475647,6.3899998664856,0.0825356766581535,104.559997558594,0
2004,141,0.0609911009669304,0.208333000540733,12.1999998092651,0.270491987466812,7.01000022888184,0.0809815973043442,212.229995727539,0
2005,141,0.163835003972054,0.118519000709057,3.375,0.370370000600815,5.90999984741211,0.0782567411661148,242.25,0
2006,141,0.0314610004425049,0.238636001944542,0.412698000669479,0.487179011106491,13.1800003051758,0.0757264569401741,255.559997558594,0
2000,143,0.024066399782896,0.581897020339966,0.192592993378639,0.423076987266541,9.53999996185303,0.0820287987589836,159.880004882813,0
2001,143,0.0165128000080585,0.490682989358902,0.481013000011444,0.605262994766235,9.14000034332275,0.0792141333222389,161.919998168945,0
2002,143,0.0220282003283501,0.474653989076614,0.155340000987053,0.3125,9.47000026702881,0.0762720629572868,174.710006713867,0
2003,143,0.023063600063324,0.429203987121582,0.216495007276535,0.619047999382019,8.67000007629395,0.0733963400125504,170.880004882813,0
2004,143,0.0174132008105516,0.468207985162735,0.370370000600815,0.400000005960464,9.11999988555908,0.0709927380084991,172.75,0
2005,143,0.0211692005395889,0.24770599603653,0.51851898431778,0.678570985794067,10.8000001907349,0.0693729817867279,146.529998779297,0
2006,143,0.0265806000679731,0.317856997251511,0.314606994390488,0.25,9.35999965667725,0.0676937401294708,157.410003662109,0
2000,145,0.0285039991140366,0.210650995373726,0.578652024269104,0.349514991044998,7.84999990463257,0.0871926173567772,242.690002441406,0
2001,145,0.0373544991016388,0.333929002285004,0.395722001791,0.506757020950317,9.52999973297119,0.0847474709153175,265.549987792969,0
2002,145,0.0275622997432947,0.389221996068954,0.510769009590149,0.319276988506317,9.26000022888184,0.0824275389313698,277.570007324219,0
2003,145,0.0232702996581793,0.411017000675201,0.350515007972717,0.519608020782471,10.1899995803833,0.0800519287586212,283.679992675781,0
2004,145,0.0271004997193813,0.38188499212265,0.423076987266541,0.484847992658615,7.26999998092651,0.0776679813861847,303.670013427734,0
2005,145,0.0257495008409023,0.370988011360168,0.30103799700737,0.563217997550964,8.82999992370605,0.0751737430691719,310.339996337891,0
2006,145,0.029985599219799,0.354732990264893,0.340490996837616,0.594595015048981,8.47000026702881,0.0727566182613373,334.649993896484,0
2000,147,0.0515935011208057,0.186196997761726,0.397228986024857,0.453487992286682,8.19999980926514,0.123109772801399,260.029998779297,0
2001,147,0.0585298016667366,0.212658002972603,0.406554013490677,0.379085004329681,8.0600004196167,0.121448166668415,271.380004882813,0
2002,147,0.0509099997580051,0.206386998295784,0.48701998591423,0.415778011083603,8.0600004196167,0.119841426610947,301.640014648438,0
2003,147,0.0508713014423847,0.200425997376442,0.474521994590759,0.469799011945724,6.71999979019165,0.118260078132153,322.269989013672,0
2004,147,0.0525701008737087,0.191107004880905,0.423693001270294,0.508816003799438,5.90000009536743,0.116767838597298,345.290008544922,0
2005,147,0.0490621998906136,0.228820994496346,0.448372006416321,0.539418995380402,7.76000022888184,0.115453779697418,366.820007324219,0
2006,147,0.0551685988903046,0.221542000770569,0.426777988672256,0.443136990070343,7.73000001907349,0.114216551184654,390.010009765625,0
2000,149,0.0209532007575035,0.058823499828577,14.3332996368408,0.534883975982666,19.1299991607666,0.069556899368763,202.899993896484,0
2001,149,0.0185087993741035,0.178862005472183,0.681818008422852,0.600000023841858,11.3400001525879,0.0684445723891258,211.75,0
2002,149,0.0160101000219584,0.320930004119873,0.82608699798584,0.245614007115364,8.47999954223633,0.0671684220433235,236.720001220703,0
2003,149,0.0137135004624724,0.184211000800133,1.14286005496979,0.5,6.26000022888184,0.066306009888649,240.5,0
2004,149,0.0136123998090625,0.24855500459671,0.651162981987,0.392856985330582,12.1800003051758,0.0651693195104599,261.070007324219,0
2005,149,0.0117458999156952,0.242604002356529,1.65854001045227,0.176470994949341,12.8400001525879,0.0635435432195663,261.970001220703,0
2006,149,0.0164986997842789,0.271966993808746,1.01538002490997,0.227273002266884,14.6199998855591,0.0621577203273773,289.429992675781,0
2000,151,0.0241835005581379,0.260578989982605,0.495725989341736,0.403447985649109,14.1300001144409,0.0840227231383324,228.119995117188,0
2001,151,0.0248051006346941,0.261914998292923,0.350820004940033,0.331775993108749,7.53000020980835,0.0836932435631752,226.809997558594,0
2002,151,0.0208599008619785,0.250631988048553,0.491935014724731,0.479508012533188,7.67000007629395,0.0833210125565529,246.619995117188,0
2003,151,0.0215881001204252,0.23751799762249,0.387755006551743,0.421052992343903,6.46999979019165,0.0829835385084152,256.700012207031,0
2004,151,0.0255308002233505,0.250407993793488,0.491028010845184,0.481727987527847,6.78000020980835,0.0821650475263596,271.329986572266,0
2005,151,0.0279067996889353,0.224068000912666,0.406919002532959,0.396761000156403,9.10999965667725,0.0798547491431236,284.589996337891,0
2006,151,0.0264557003974915,0.299198001623154,0.360152989625931,0.340425997972488,12.5699996948242,0.0776325389742851,294.369995117188,0
2000,153,0.0372807011008263,0.276843011379242,0.561845004558563,0.436567008495331,11.3100004196167,0.0851878076791763,245.889999389648,0
2001,153,0.0313830003142357,0.410360991954803,0.498338997364044,0.443332999944687,8.72999954223633,0.0833501294255257,236.649993896484,0
2002,153,0.0315880998969078,0.350535988807678,0.437858998775482,0.471615999937058,11.5600004196167,0.0815143510699272,289.380004882813,0
2003,153,0.0301159005612135,0.336461991071701,0.656651973724365,0.496731996536255,8.28999996185303,0.0796601176261902,291.320007324219,0
2004,153,0.0282946992665529,0.319907009601593,0.67070198059082,0.436823010444641,9.39000034332275,0.0779838487505913,303.359985351563,0
2005,153,0.0266522001475096,0.329268008470535,0.730863988399506,0.435811012983322,11.3599996566772,0.076854333281517,308.540008544922,0
2006,153,0.0317563004791737,0.34536799788475,0.520709991455078,0.458332985639572,11.3299999237061,0.0757087394595146,301.290008544922,0
2000,155,0.0441615991294384,0.275404989719391,0.55102002620697,0.414815008640289,9.14000034332275,0.0915176421403885,196.580001831055,0
2001,155,0.0358586981892586,0.304955005645752,0.645421981811523,0.458970993757248,7.57000017166138,0.0896918997168541,209.279998779297,0
2002,155,0.0283190999180079,0.349570989608765,0.696762025356293,0.426761001348495,6.61999988555908,0.087887279689312,233.380004882813,0
2003,155,0.028456699103117,0.390251994132996,0.562444984912872,0.430124014616013,7.01999998092651,0.0861236825585365,239.860000610352,0
2004,155,0.0311808008700609,0.413174986839294,0.548125982284546,0.403485000133514,6.69999980926514,0.0844781100749969,246.619995117188,0
2005,155,0.0316701009869576,0.444377988576889,0.52811199426651,0.352344989776611,6.61999988555908,0.0831401571631432,262.600006103516,0
2006,155,0.0312278997153044,0.408199995756149,0.559822976589203,0.386543989181519,8.71000003814697,0.0818356424570084,278.820007324219,0
2000,157,0.0360250994563103,0.260569989681244,0.38993701338768,0.506452023983002,10.75,0.0838999003171921,286.350006103516,0
2001,157,0.0316019989550114,0.352789014577866,0.420942008495331,0.527363002300262,7.34000015258789,0.083116389811039,302.529998779297,0
2002,157,0.0314258001744747,0.282721012830734,0.544862985610962,0.513126015663147,6.51000022888184,0.0822816863656044,333.239990234375,0
2003,157,0.0266498997807503,0.315400987863541,0.537827014923096,0.47826099395752,5.96999979019165,0.0814917609095573,340.290008544922,0
2004,157,0.0274601001292467,0.307823985815048,0.670832991600037,0.50103497505188,6.84000015258789,0.0805255919694901,348.450012207031,0
2005,157,0.0256914999336004,0.296077013015747,0.613250970840454,0.459798991680145,6.03999996185303,0.0791201815009117,377.890014648438,0
2006,157,0.0305908005684614,0.278286993503571,0.443681001663208,0.377709001302719,7.48000001907349,0.0777127295732498,418.480010986328,0
2000,159,0.0351729989051819,0.280326008796692,0.359526008367538,0.547904014587402,8.39000034332275,0.085835412144661,265.519989013672,0
2001,159,0.0292243994772434,0.342189997434616,0.374606996774673,0.537814974784851,7.28000020980835,0.0844482779502869,282.450012207031,0
2002,159,0.0287771001458168,0.26308199763298,0.42935499548912,0.527157008647919,8.26000022888184,0.0830817222595215,309.089996337891,0
2003,159,0.0287942998111248,0.251168996095657,0.362464010715485,0.561264991760254,7.26999998092651,0.0817428976297379,325.670013427734,0
2004,159,0.0317769981920719,0.230260998010635,0.548644006252289,0.465115994215012,8.55000019073486,0.0803247764706612,329.279998779297,0
2005,159,0.0308711007237434,0.233852997422218,0.560316979885101,0.498584002256393,8.31999969482422,0.0786776319146156,355.220001220703,0
2006,159,0.0362330004572868,0.243589997291565,0.492940008640289,0.476563006639481,8.64000034332275,0.0770521834492683,374.410003662109,0
2000,161,0.022274199873209,0.350703001022339,0.400943011045456,0.482353001832962,10.1999998092651,0.0794515535235405,237.729995727539,0
2001,161,0.0207294002175331,0.301405996084213,0.419824987649918,0.631944000720978,9.46000003814697,0.078703947365284,242.399993896484,0
2002,161,0.019641799852252,0.298038989305496,0.536184012889862,0.607361972332001,7.26000022888184,0.0780268311500549,269.980010986328,0
2003,161,0.0171226002275944,0.391256988048553,0.592179000377655,0.433961987495422,7.5,0.0773064717650414,283.450012207031,0
2004,161,0.0198353994637728,0.331541001796722,0.570270001888275,0.454975992441177,6.07999992370605,0.0764300003647804,290.25,0
2005,161,0.0218998994678259,0.287088990211487,0.53072601556778,0.421052992343903,7.48000001907349,0.0750223770737648,307.899993896484,0
2006,161,0.020006999373436,0.482425004243851,0.508197009563446,0.451613008975983,7.98000001907349,0.0736218765377998,334.920013427734,0
2000,163,0.0248115994036198,0.234310001134872,0.767857015132904,0.441859990358353,9.5,0.0830509513616562,218.179992675781,0
2001,163,0.022418599575758,0.244690999388695,0.769810974597931,0.441175997257233,11.8000001907349,0.081394650042057,235.699996948242,0
2002,163,0.0215106997638941,0.322856992483139,1.13568997383118,0.218181997537613,10.3100004196167,0.0797592625021935,243.369995117188,0
2003,163,0.0191925000399351,0.327567994594574,0.435644000768662,0.46212100982666,11.1599998474121,0.0781132206320763,246.809997558594,0
2004,163,0.0203012004494667,0.31182798743248,0.536050021648407,0.391813009977341,8.27000045776367,0.0766542926430702,257.049987792969,0
2005,163,0.0172873996198177,0.326364994049072,0.501779019832611,0.39716300368309,13.1099996566772,0.0757021233439446,373.559997558594,0
2006,163,0.0215728003531694,0.310986995697021,0.401197999715805,0.455224007368088,11.25,0.0747279673814774,295.070007324219,0
2000,165,0.0477432012557983,0.35955798625946,0.41048800945282,0.365639001131058,8.1899995803833,0.0918020680546761,262.929992675781,0
2001,165,0.0425763018429279,0.394625008106232,0.474909991025925,0.464150995016098,8.63000011444092,0.0895842835307121,280.059997558594,0
2002,165,0.0421412996947765,0.403306990861893,0.549019992351532,0.415583997964859,6.76999998092651,0.0873818472027779,312.579986572266,0
2003,165,0.0408156998455524,0.303611010313034,0.577669978141785,0.525210022926331,8.1899995803833,0.0852602869272232,322.290008544922,0
2004,165,0.0440055988729,0.33814400434494,0.428862005472183,0.440757989883423,6.38000011444092,0.0839383527636528,340.179992675781,0
2005,165,0.0391644015908241,0.406055986881256,0.466538995504379,0.504097998142242,7.19999980926514,0.0847150981426239,357.369995117188,0
2006,165,0.0508341006934643,0.340678989887238,0.468531012535095,0.43283599615097,7.42000007629395,0.0854818001389503,374.25,0
2000,167,0.0294231995940208,0.403046995401382,0.29381400346756,0.43859601020813,12.3800001144409,0.08538468927145,230.289993286133,0
2001,167,0.0260284002870321,0.395511001348495,0.358121007680893,0.377048999071121,9.18000030517578,0.0840004906058311,245.740005493164,0
2002,167,0.0183428004384041,0.389129996299744,0.42178800702095,0.377483010292053,6.17999982833862,0.0826030969619751,267.670013427734,0
2003,167,0.0181908998638391,0.460860013961792,0.334928005933762,0.378571003675461,7.07000017166138,0.0812267512083054,280.720001220703,0
2004,167,0.0218959990888834,0.420569002628326,0.347162008285522,0.427673012018204,7.55000019073486,0.0798190385103226,304.5,0
2005,167,0.0213431995362043,0.41363200545311,0.34085801243782,0.417219012975693,11.7399997711182,0.0783166065812111,323.839996337891,0
2006,167,0.0238285008817911,0.362269997596741,0.322580993175507,0.371428996324539,10.4799995422363,0.0768743902444839,351.089996337891,0
2000,169,0.0145052997395396,0.29568800330162,1.29166996479034,0.24193499982357,10.6000003814697,0.0824757590889931,221.729995727539,0
2001,169,0.016550300642848,0.224198997020721,0.666666984558105,0.5,13.6199998855591,0.0836033523082733,232.449996948242,0
2002,169,0.0125903002917767,0.238425999879837,1,0.514563024044037,11.4499998092651,0.0846753120422363,228.399993896484,0
2003,169,0.0109940003603697,0.361039012670517,0.546763002872467,0.421052992343903,7.84999990463257,0.0857110172510147,252.309997558594,0
2004,169,0.00921513978391886,0.377709001302719,0.819671988487244,0.419999986886978,10.3900003433228,0.0861123725771904,280.559997558594,0
2005,169,0.0118263000622392,0.215311005711555,1.04444003105164,0.478722989559174,10.7200002670288,0.0844367071986198,308.690002441406,0
2006,169,0.0121032996103168,0.343387007713318,0.722972989082336,0.448597997426987,12.3599996566772,0.0828067734837532,306.420013427734,0
2000,171,0.0189837999641895,0.15344400703907,1.10794997215271,0.517948985099792,10.3199996948242,0.0834044367074966,215.619995117188,0
2001,171,0.0209130998700857,0.151016995310783,1.04145002365112,0.452735990285873,6.76999998092651,0.0825625211000443,215.479995727539,0
2002,171,0.023207999765873,0.143754005432129,1.28640997409821,0.513207972049713,8.05000019073486,0.081693671643734,239.639999389648,0
2003,171,0.0213532000780106,0.12873600423336,1.22618997097015,0.533981025218964,7.71999979019165,0.0808381289243698,254.389999389648,0
2004,171,0.0235204994678497,0.109944000840187,1.47133994102478,0.536796987056732,10.4399995803833,0.0798949226737022,257.609985351563,0
2005,171,0.0209746994078159,0.16601400077343,1.07074999809265,0.563876986503601,8.19999980926514,0.0786126628518105,278.190002441406,0
2006,171,0.0243954006582499,0.175649002194405,0.909090995788574,0.458332985639572,8.67000007629395,0.0773525387048721,288.320007324219,0
2000,173,0.013433700427413,0.151515007019043,2,0.349999994039536,6.44999980926514,0.0848612785339355,172.679992675781,0
2001,173,0.0122785996645689,0.163934007287025,2.29999995231628,0.47826099395752,7.63000011444092,0.0826689377427101,167.020004272461,0
2002,173,0.0163378994911909,0.548780024051666,0.222222000360489,0.200000002980232,5.1100001335144,0.0805950462818146,178.289993286133,0
2003,173,0.0103730000555515,0.403845995664597,0.571429014205933,0.25,11.7700004577637,0.0785266906023026,176.75,0
2004,173,0.0047702700830996,0.289474010467529,0.636363983154297,0.571429014205933,12.2399997711182,0.0766049399971962,193.279998779297,0
2005,173,0.0090202996507287,0.25,1.27778005599976,0.260870009660721,10.0799999237061,0.0756373107433319,192.710006713867,0
2006,173,0.0139937000349164,0.530435025691986,0.32786899805069,0.150000005960464,6.6399998664856,0.0746268704533577,193.009994506836,0
2000,175,0.0175622999668121,0.306953996419907,0.390625,0.439999997615814,14.9099998474121,0.0951802209019661,437.029998779297,0
2001,175,0.0164474006742239,0.372152000665665,0.448980003595352,0.424241989850998,8.72999954223633,0.0936172008514404,468.589996337891,0
2002,175,0.0170197002589703,0.326876997947693,0.377777993679047,0.431373000144959,7.73000001907349,0.0919671729207039,519.359985351563,0
2003,175,0.0242596995085478,0.161764994263649,1.13636004924774,0.519999980926514,7.09000015258789,0.0906684771180153,543.570007324219,0
2004,175,0.01897850073874,0.308667987585068,0.36301401257515,0.415093988180161,6.21999979019165,0.0889608114957809,576.330017089844,0
2005,175,0.0171220991760492,0.267123013734818,0.68376100063324,0.349999994039536,9.57999992370605,0.0865299180150032,597.460021972656,0
2006,175,0.0164931993931532,0.350347995758057,0.410596013069153,0.387097001075745,7.30999994277954,0.0843665823340416,627.02001953125,0
2000,179,0.0283659994602203,0.444444000720978,0.352113008499146,0.416667014360428,10.6700000762939,0.0930994376540184,237.380004882813,0
2001,179,0.0258779004216194,0.354247987270355,0.534483015537262,0.404691994190216,8.43000030517578,0.0919454470276833,255.5,0
2002,179,0.0246299002319574,0.253464013338089,0.498861014842987,0.410959005355835,6.73000001907349,0.0908314511179924,276.089996337891,0
2003,179,0.0256945993751287,0.30460399389267,0.456941992044449,0.446153998374939,6.76999998092651,0.0897906422615051,294.869995117188,0
2004,179,0.0277411993592978,0.354207009077072,0.383978009223938,0.352517992258072,8.97999954223633,0.088801309466362,311.820007324219,0
2005,179,0.031496100127697,0.333754003047943,0.361916989088058,0.400696992874146,8.23999977111816,0.0878835693001747,327.230010986328,0
2006,179,0.0318720005452633,0.37754300236702,0.328664004802704,0.426230013370514,9.89999961853027,0.0870309323072433,349.630004882813,0
2000,181,0.0563676990568638,0.220037996768951,0.387800008058548,0.5,13.6400003433228,0.0848776325583458,234.880004882813,0
2001,181,0.0617685988545418,0.178201004862785,0.37135899066925,0.509804010391235,8.28999996185303,0.0844900608062744,242.830001831055,0
2002,181,0.0605234988033772,0.169505998492241,0.474227011203766,0.494565010070801,6.67000007629395,0.084038533270359,260.149993896484,0
2003,181,0.0534928999841213,0.222711995244026,0.446153998374939,0.44827601313591,7.98000001907349,0.0835978835821152,256.440002441406,0
2004,181,0.0470632016658783,0.206876993179321,0.482288986444473,0.446328014135361,6.82000017166138,0.0828184932470322,262.5,0
2005,181,0.0626827031373978,0.177351996302605,0.481220990419388,0.434145987033844,7.67999982833862,0.0813213363289833,283.880004882813,0
2006,181,0.0729478970170021,0.182589992880821,0.343023002147675,0.548022985458374,7.05999994277954,0.0797743275761604,290.690002441406,0
2000,183,0.0601893998682499,0.178908005356789,0.295955985784531,0.434783011674881,9.10999965667725,0.108989506959915,292.549987792969,1
2001,183,0.0583431981503963,0.199296995997429,0.279832005500793,0.434433996677399,9.55000019073486,0.107722163200378,316.040008544922,1
2002,183,0.0512834005057812,0.195474997162819,0.318971008062363,0.469758003950119,9.14999961853027,0.106525473296642,351.779998779297,1
2003,183,0.0472032018005848,0.206968992948532,0.330038011074066,0.429951995611191,9.02000045776367,0.105394773185253,375.089996337891,1
2004,183,0.0480699017643929,0.188473001122475,0.383159011602402,0.36030700802803,7.44000005722046,0.103967010974884,407.700012207031,1
2005,183,0.0530244000256062,0.206791996955872,0.340045988559723,0.360668003559113,9.32999992370605,0.101593099534512,425.579986572266,1
2006,183,0.0568423010408878,0.204216003417969,0.381907999515533,0.367347002029419,12.1499996185303,0.0993558466434479,444.450012207031,1
2000,185,0.0107527002692223,0.699999988079071,6.28570985794067,0.340909004211426,7.17999982833862,0.085924006998539,186.960006713867,0
2001,185,0.0148935997858644,1.07142996788025,3.06666994094849,0.34782600402832,6.57000017166138,0.0832661166787148,183.309997558594,0
2002,185,0.0105373999103904,1.20000004768372,3.33332991600037,0.474999994039536,6.40000009536743,0.0805016681551933,209.470001220703,0
2003,185,0.0151843996718526,1.21429002285004,4.11765003204346,0.271429002285004,6.28000020980835,0.0779307782649994,207.520004272461,0
2004,185,0.0078125,0.25,37,0.459459006786346,6.57999992370605,0.0753612592816353,221.279998779297,0
2005,185,0.00458153011277318,0.29577499628067,2.28571009635925,0.458332985639572,12.6599998474121,0.0727703794836998,233.589996337891,0
2006,185,0.0108703002333641,0.195265993475914,2.1212100982666,0.442856997251511,5.38000011444092,0.0700821727514267,247.720001220703,0
2000,187,0.0338506996631622,0.265560001134872,0.539062976837158,0.333332985639572,5.42999982833862,0.0895135402679443,191.720001220703,0
2001,187,0.0312456991523504,0.26444399356842,1,0.294117987155914,8.5,0.0880960524082184,194.649993896484,0
2002,187,0.0221290998160839,0.273292005062103,1.04544997215271,0.32608699798584,5.36999988555908,0.0867417007684708,234.600006103516,0
2003,187,0.0246109999716282,0.270114988088608,0.521277010440826,0.591836988925934,16.4200000762939,0.0853490009903908,215.300003051758,0
2004,187,0.0254523996263742,0.263006001710892,1.43956005573273,0.290075987577438,12.7200002670288,0.0836145728826523,215.399993896484,0
2005,187,0.0239377003163099,0.352584004402161,0.568965971469879,0.409090995788574,7.73999977111816,0.0807085335254669,260.929992675781,0
2006,187,0.0345230996608734,0.332668989896774,0.443114012479782,0.432431995868683,6.98000001907349,0.0779487192630768,297.140014648438,0
2000,189,0.0314674004912376,0.18163900077343,0.304347991943359,0.285714000463486,14.5900001525879,0.158117294311523,205,0
2001,189,0.0316963009536266,0.19573600590229,0.702970027923584,0.183099001646042,9.43000030517578,0.157316222786903,203.419998168945,0
2002,189,0.026962099596858,0.24915400147438,0.46153798699379,0.470587998628616,16.7299995422363,0.156456083059311,221.839996337891,0
2003,189,0.0245913993567228,0.254177004098892,0.389670997858047,0.433735013008118,6.65999984741211,0.155666515231133,245.399993896484,0
2004,189,0.0271844007074833,0.153261005878448,0.390071004629135,0.400000005960464,8.3100004196167,0.154593616724014,251.009994506836,0
2005,189,0.0287321992218494,0.150768995285034,0.272109001874924,0.375,9.84000015258789,0.152801156044006,295.230010986328,0
2006,189,0.0313129983842373,0.161381006240845,0.300577998161316,0.28846201300621,12.2700004577637,0.150926440954208,304.720001220703,0
2000,191,0.0371161997318268,0.270559012889862,0.333332985639572,0.51671701669693,12.1800003051758,0.104137800633907,224.970001220703,0
2001,191,0.0404994003474712,0.278192013502121,0.331250011920929,0.452829986810684,10.3000001907349,0.101608172059059,234.059997558594,0
2002,191,0.0365369990468025,0.221947997808456,0.411619007587433,0.426425993442535,7.65999984741211,0.0990734174847603,262.820007324219,0
2003,191,0.0330350995063782,0.259822994470596,0.371630012989044,0.394322007894516,8.01000022888184,0.0965820699930191,281.179992675781,0
2004,191,0.0345692001283169,0.253968000411987,0.391508996486664,0.475903987884521,8.52999973297119,0.0939838588237762,276.290008544922,0
2005,191,0.034579299390316,0.210354000329971,0.298444002866745,0.383886009454727,8.61999988555908,0.0911368206143379,286.760009765625,0
2006,191,0.045889500528574,0.172257006168365,0.449999988079071,0.421052992343903,9.59000015258789,0.0882880911231041,295.260009765625,0
2000,193,0.0192106999456882,0.390008985996246,0.4269660115242,0.573683977127075,4.6399998664856,0.0860937163233757,210.309997558594,0
2001,193,0.0240455996245146,0.330774992704391,0.468353986740112,0.563063025474548,6.65000009536743,0.0849039182066917,222.119995117188,0
2002,193,0.0220033992081881,0.350189000368118,0.331896990537643,0.448051989078522,7.94000005722046,0.0836756527423859,242.119995117188,0
2003,193,0.0171735007315874,0.342967003583908,0.640448987483978,0.442981988191605,7.82000017166138,0.0824713334441185,254.5,0
2004,193,0.0180945005267859,0.356682002544403,0.576227009296417,0.385650008916855,7.92999982833862,0.0812091678380966,263.980010986328,0
2005,193,0.0194505006074905,0.341006010770798,0.485000014305115,0.407216012477875,5.98000001907349,0.0796638131141663,278.779998779297,0
2006,193,0.0235277004539967,0.26605498790741,0.588859021663666,0.423422992229462,5.8600001335144,0.0781939402222633,295.630004882813,0
2000,195,0.0631211996078491,0.22367100417614,0.291480004787445,0.449999988079071,10.1099996566772,0.0894729420542717,290.600006103516,0
2001,195,0.0588860996067524,0.276906996965408,0.242801994085312,0.494071006774902,12.5699996948242,0.0879057198762894,302.149993896484,0
2002,195,0.0573422014713287,0.231103003025055,0.310667991638184,0.449057012796402,9.85999965667725,0.0863571316003799,328.690002441406,0
2003,195,0.0551156997680664,0.156901001930237,0.337522000074387,0.494681000709534,11.1899995803833,0.0848282128572464,354,0
2004,195,0.0236431993544102,0.246969997882843,1.5644199848175,0.478430986404419,12.4899997711182,0.0831767395138741,362.040008544922,0
2005,195,0.030094999819994,0.208737999200821,1.44185996055603,0.475805997848511,9.21000003814697,0.0813074931502342,381.859985351563,0
2006,195,0.0313973017036915,0.201397001743317,1.67051994800568,0.470587998628616,13.0200004577637,0.079450711607933,392.269989013672,0
2000,197,0.0178621001541615,0.158914998173714,1.06097996234894,0.35632199048996,11.3500003814697,0.0806272178888321,230.080001831055,0
2001,197,0.0180711001157761,0.229166999459267,0.545454978942871,0.363635987043381,6.6399998664856,0.0798223912715912,238.940002441406,0
2002,197,0.0155747001990676,0.226667001843452,0.480392009019852,0.428570985794067,7.76999998092651,0.0790195390582085,256.190002441406,0
2003,197,0.0136618996039033,0.204188004136086,1.41025996208191,0.372727006673813,10.1099996566772,0.0782326906919479,268.589996337891,0
2004,197,0.0130856996402144,0.180555999279022,0.830769002437592,0.333332985639572,5.96000003814697,0.0772219225764275,279.170013427734,0
2005,197,0.012873999774456,0.112676002085209,2.25,0.244443997740746,7.67999982833862,0.0757007077336311,306.089996337891,0
2006,197,0.0141928000375628,0.207595005631447,1.18292999267578,0.360825002193451,12.2299995422363,0.0741989314556122,322.920013427734,0
