"ahe","yrseduc"
23.0769233703613,16
27.7777786254883,13
12.9807691574097,16
11.5384616851807,16
5.49450540542603,13
6.53846168518066,16
14.3990383148193,12
26.4423084259033,12
24.4755249023438,16
19.230770111084,12
8.65384578704834,12
24.0384616851807,18
51.4423065185547,14
11.5384616851807,16
13.4615383148193,14
64.6153869628906,18
19.230770111084,16
31.9526634216309,18
31.4423084259033,14
38.461540222168,16
16.4835166931152,16
21.9230766296387,16
13.4615383148193,13
11,12
12.0192308425903,12
14.4230766296387,14
11.5384616851807,12
20.5128211975098,12
15.5,10
16.3461532592773,12
19.230770111084,18
11.0946741104126,14
22.5961532592773,14
19.9409008026123,14
29.3269233703613,12
15,16
17.3076915740967,16
12.9807691574097,16
30.1171321868896,12
30.769229888916,16
15,14
16.8269233703613,16
44.230770111084,18
38.461540222168,18
13.0961542129517,16
19.6678314208984,12
9.89011001586914,13
18.1623935699463,14
20.6043949127197,14
13.7362632751465,16
13.2692308425903,16
16.8269233703613,12
30.769229888916,16
19.230770111084,12
16.8269233703613,16
14.4230766296387,12
20.384614944458,12
18.269229888916,13
14.529914855957,13
48.0778846740723,16
18,16
31.25,12
17.4825172424316,12
9.61538505554199,12
14.4230766296387,12
46.1538467407227,12
18.269229888916,12
25,16
9.60000038146973,12
13.7019233703613,16
21.634614944458,13
28.8461532592773,16
27.4038467407227,16
27.5467777252197,16
50.961540222168,18
42.788459777832,16
54.3269233703613,16
24.6096153259277,12
13.7362632751465,18
14.9572649002075,16
26.4423084259033,18
16.8269233703613,14
23.7496299743652,12
12.0192308425903,13
21.634614944458,12
48.0769233703613,18
16.8269233703613,13
48.0769233703613,18
7.692307472229,13
12.0879125595093,16
8.89423084259033,12
12.5,16
26.4423084259033,16
20,12
29.914529800415,16
19.047435760498,18
64.1025619506836,16
12.0192308425903,16
34.9650344848633,18
27.7243595123291,16
21.7948722839355,16
20.3402366638184,16
63.461540222168,18
22.2222213745117,18
31.25,18
7.692307472229,9
81.7307662963867,13
9.13461494445801,12
16.3999996185303,9
11.6396760940552,13
13.4168157577515,12
32.968132019043,14
6.73076915740967,12
17.7884616851807,18
11.057692527771,12
52.8846168518066,18
19.230770111084,16
9.89011001586914,13
14.2857141494751,13
33.6538467407227,16
21.9230766296387,14
50.480770111084,18
37.5,18
21.1538467407227,12
14.182692527771,16
12.0192308425903,12
42.7350425720215,16
28.8461532592773,12
29.8076915740967,14
25,16
16.4835166931152,13
20.6730766296387,16
24.0384616851807,16
4.807692527771,13
14.4230766296387,13
14.4230766296387,16
20.0909099578857,13
19.230770111084,16
24.0384616851807,18
25,12
27.644229888916,16
26.0416660308838,18
27.027027130127,16
4.807692527771,14
23.4375,18
21.1538467407227,12
20.1923084259033,12
39.0625,16
17.7884616851807,18
26.4423084259033,12
19.230770111084,13
33.6538467407227,13
22.3076915740967,14
12.884614944458,16
52.8846168518066,18
21.9780216217041,16
33.6538467407227,16
14.4230766296387,12
10.4166669845581,13
16.3461532592773,13
7.21153831481934,13
10.5769233703613,12
8.38264274597168,10
13.7362632751465,12
24.0384616851807,18
4.52488708496094,16
21.1538467407227,18
16.8269233703613,16
4.807692527771,14
8.65384578704834,12
16.3461532592773,12
14.529914855957,12
18.269229888916,16
26.4423084259033,16
23.894229888916,12
13.4615383148193,13
28.6538467407227,12
8.5059175491333,12
12.5,14
33.6538467407227,16
40.8653831481934,16
7.5,12
33.6538467407227,12
48.0769233703613,16
65.7894744873047,16
24.7252750396729,13
33.6538467407227,12
24.0384616851807,12
17.3076915740967,16
10.432692527771,12
19.230770111084,16
14.4230766296387,12
19.230770111084,18
33.5,18
28.8461532592773,12
24.0384616851807,14
14.4230766296387,13
21.634614944458,16
36.1538467407227,18
42.3076934814453,18
28.8461532592773,16
17.1568622589111,14
23.0769233703613,16
13.4615383148193,11
6.41025638580322,12
16.8269233703613,16
28.8461532592773,18
48.0769233703613,14
13.4615383148193,16
32.4000015258789,18
43.269229888916,16
32.9670333862305,18
96.1538467407227,18
12.0879125595093,12
39.4230766296387,16
15.384614944458,16
18.269229888916,16
37.5,18
28.6813182830811,16
20.4627227783203,16
34.1880340576172,16
38.461540222168,16
36.0576934814453,16
35.7142868041992,16
45.1923065185547,16
57.6923065185547,16
31.730770111084,18
33.6538467407227,13
7.14983987808228,18
33.6538467407227,16
7.692307472229,12
28.8461532592773,16
28.8461532592773,14
24.0384616851807,16
24.0384616851807,12
17.8571434020996,16
19.230770111084,12
7.692307472229,13
8.65384578704834,13
60.0961532592773,16
24.0384616851807,16
13.6363639831543,12
50,16
7.21153831481934,14
32.211540222168,16
25,16
12.0192308425903,12
7.21153831481934,12
25,16
16.8269233703613,14
16.8269233703613,12
28.8461532592773,13
16.8269233703613,18
9.61538505554199,16
17,14
43.269229888916,12
29.1208782196045,18
28.365385055542,14
28.8461532592773,16
14.4230766296387,13
24.0384616851807,18
17.115385055542,13
19.230770111084,16
18.269229888916,16
15.9340658187866,12
15.182186126709,16
7.21153831481934,12
33.6538467407227,16
25.8241748809814,18
7.5,12
6.31868124008179,13
16.8269233703613,12
50,16
24.0384616851807,16
13.4615383148193,12
24.0384616851807,12
43.9560432434082,16
22.115385055542,12
43.269229888916,16
25,18
38.461540222168,16
26.4423084259033,18
30.2884616851807,18
27.4038467407227,16
14.4230766296387,16
9.61538505554199,12
17.5,12
36.0576934814453,18
14.4230766296387,14
25.9875259399414,16
16.8269233703613,12
24.0384616851807,14
41.1538467407227,18
27.7777786254883,16
9.89011001586914,13
12.0192308425903,12
24.0384616851807,14
24.0384616851807,12
22.5961532592773,12
21.1538467407227,12
84.6153869628906,18
67.3076934814453,18
13.4615383148193,12
41.538459777832,13
17.7884616851807,13
14.4230766296387,14
38.461540222168,12
38.461540222168,16
11.5384616851807,16
16.8269233703613,12
24.5974960327148,16
8.60323905944824,16
29.2467956542969,18
17.6715183258057,13
20.6043949127197,13
12.5,16
16.8269233703613,13
31.25,16
64.9038467407227,18
11.5384616851807,16
18.75,12
28.8461532592773,18
17.3076915740967,16
12.0192308425903,13
12.222222328186,12
9.61538505554199,9
9.61538505554199,11
21.634614944458,13
28.8461532592773,12
16.3461532592773,12
12.0201921463013,12
6.25096130371094,12
12.0192308425903,13
21.634614944458,18
13.942307472229,16
13.7959861755371,12
29.8076915740967,14
16.1538467407227,14
23.4615383148193,16
14.529914855957,12
33.6538467407227,12
25.9615383148193,12
19.230770111084,12
15.8663463592529,12
18.75,12
20.1553249359131,16
32.0512809753418,18
29.3269233703613,16
37.6432075500488,18
13.942307472229,12
10.5769233703613,13
12.5,13
23.0769233703613,16
18.269229888916,12
13.4615383148193,12
13.4615383148193,12
33.6538467407227,18
33.6538467407227,18
18.75,16
27.884614944458,16
10.1442308425903,12
100,18
11.5384616851807,16
21.634614944458,12
21.634614944458,12
21.9780216217041,13
31.25,16
9.61538505554199,16
27.884614944458,13
13.4615383148193,13
13.7254905700684,13
18.9010982513428,16
33.3333320617676,16
23.0769233703613,14
20.1923084259033,18
15.5925159454346,13
10,16
14.4230766296387,14
14.9572649002075,16
14.9038457870483,13
15.5,12
10.9890108108521,13
36.0576934814453,16
16.1538467407227,12
16.5384616851807,16
15.5879812240601,16
5.625,14
27.6041660308838,12
28.8461532592773,12
12.0192308425903,12
19.230770111084,12
10.0961542129517,14
19.230770111084,14
19.230770111084,12
25.9615383148193,13
9.72451877593994,12
11.5384616851807,16
7.21153831481934,18
24.1870193481445,14
19.2769222259521,14
19.7115383148193,12
11.057692527771,12
11.4983978271484,12
41.8269233703613,16
33.6538467407227,14
28.8461532592773,13
17.889087677002,13
9.61538505554199,12
21.634614944458,16
9.61538505554199,12
19.230770111084,16
19.230770111084,12
19.230770111084,12
9.61538505554199,8
15.865385055542,14
24.0384616851807,13
15.384614944458,13
24.0384616851807,12
14.4230766296387,14
14.4230766296387,13
24.0384616851807,16
14.8351650238037,12
25.6410255432129,12
21.634614944458,16
37.5,18
12.2863245010376,12
12.9807691574097,13
7.21153831481934,12
23.4693870544434,12
23.0769233703613,16
20.1923084259033,16
25.240385055542,14
19.230770111084,13
28.8461532592773,18
37.019229888916,18
22.8365383148193,14
10.9890108108521,12
34.6153831481934,16
13.4615383148193,14
42.3076934814453,13
13.4615383148193,12
38.461540222168,18
13.7362632751465,12
10.9890108108521,12
11.9230766296387,12
12.0192308425903,12
16,10
7.692307472229,10
15.5936450958252,12
12.0192308425903,16
12.0192308425903,12
16.6666660308838,18
26.62721824646,16
26.4423084259033,10
16.8269233703613,12
21.634614944458,16
13.8888893127441,12
14.9572649002075,12
17.1875,16
12.5,12
23.8461532592773,13
17.5585289001465,13
16.8269233703613,12
12.0192308425903,12
25.9615383148193,12
19.6488285064697,13
21.5544872283936,13
8.65384578704834,13
20.6730766296387,12
11.5384616851807,12
19.230770111084,14
12.0192308425903,14
16.8269233703613,18
27.4038467407227,16
26.4423084259033,14
10.9890108108521,12
13.4615383148193,16
10.2564105987549,12
15.384614944458,12
29.3269233703613,13
21.634614944458,16
9.13461494445801,12
7.692307472229,14
6.25,8
12.0192308425903,12
11.5995111465454,12
6.73076915740967,12
18.269229888916,12
23.0769233703613,18
7.692307472229,9
12.9807691574097,14
26.9230766296387,16
37.019229888916,16
24.0384616851807,12
10.0415802001953,13
7.692307472229,12
22.7564105987549,16
68.6813201904297,18
46.1538467407227,18
29.3269233703613,18
32.6923065185547,18
40.8653831481934,16
14.4230766296387,13
9.61538505554199,13
9.61538505554199,13
27.3504276275635,16
43.269229888916,16
18.75,12
26.4423084259033,16
8.33333301544189,12
20.6730766296387,18
20.1923084259033,13
13.4615383148193,13
33.6538467407227,16
14.4230766296387,12
12.0192308425903,10
6.25,13
37.5,16
22.115385055542,12
28.365385055542,14
32.6923065185547,13
10,12
19.230770111084,12
10.1214570999146,12
10.5769233703613,12
17.3076915740967,14
13.7362632751465,12
19.230770111084,14
19.230770111084,18
23.3516483306885,16
17.3076915740967,16
20.6730766296387,16
17.7884616851807,16
33.6538467407227,18
11.057692527771,14
13.1118879318237,16
29.8076915740967,16
26.9230766296387,16
5.76923084259033,12
17.7514801025391,18
43.269229888916,12
41.6666679382324,14
44.230770111084,16
34.1880340576172,16
23.6263732910156,13
38.461540222168,16
15.384614944458,12
15.384614944458,12
41.3461532592773,18
41.6666679382324,16
11.057692527771,14
12.5,12
8.07692337036133,13
28.8461532592773,12
19.230770111084,12
19.230770111084,16
6.73076915740967,16
8.31443691253662,18
15.384614944458,12
6.25,12
10.817307472229,13
38.461540222168,18
43.269229888916,16
30.769229888916,16
17.3076915740967,14
21.2339744567871,16
23.0769233703613,16
25,13
11.057692527771,13
21.634614944458,16
23.0769233703613,13
38.461540222168,16
13.2211542129517,12
12.3626375198364,12
24.0384616851807,12
16.4423084259033,14
9.61538505554199,11
8.84615421295166,8
12.0192308425903,12
20.6730766296387,16
15.384614944458,12
24.0384616851807,18
40.3846168518066,16
15.384614944458,13
32.0512809753418,16
21.634614944458,12
31.25,13
38.9423065185547,16
14.0625,12
19.230770111084,16
18.6666660308838,16
16.8269233703613,12
11,12
21.9141330718994,13
16.9551277160645,13
13.4615383148193,12
9.61538505554199,18
19.230770111084,18
15.865385055542,14
23.5576915740967,18
45.6730766296387,13
37.5,14
9.13461494445801,16
22.5,16
32.0512809753418,14
25,14
20.1923084259033,16
15.384614944458,13
22.5,12
35.5769233703613,16
20.085470199585,12
19.230770111084,16
26.4423084259033,16
24,16
17.0940170288086,18
11.5384616851807,14
17.3379802703857,13
28.7999992370605,16
23.0769233703613,16
27.3504276275635,14
18,12
14.2857141494751,13
16.8269233703613,14
15.384614944458,14
13.4615383148193,13
23.5576915740967,12
9.61538505554199,12
8.65384578704834,18
15.384614944458,13
23.5576915740967,16
17.7884616851807,12
14.8571424484253,16
12.5,13
15.384614944458,13
16.8269233703613,16
14.4230766296387,13
12.9807691574097,14
8.65384578704834,12
18.1818180084229,14
10.5263156890869,10
16.0256404876709,12
14.9038457870483,12
14.7435894012451,12
12.0192308425903,12
22.5961532592773,13
19.230770111084,13
19.230770111084,16
25.480770111084,10
21.1538467407227,18
24.0384616851807,12
26.7094020843506,13
14.4230766296387,16
32.211540222168,13
24.0384616851807,18
17.3076915740967,12
11.057692527771,14
14.4300212860107,12
15.0093812942505,12
16.8269233703613,12
10.9890108108521,12
18.269229888916,16
16.9413909912109,13
24.0384616851807,13
9.34065914154053,12
10.0961542129517,11
20.1923084259033,16
10.0961542129517,16
29.3269233703613,18
36.0576934814453,18
21.9850959777832,16
18.75,16
21.1538467407227,12
27.6923084259033,16
50.3662986755371,16
13.7362632751465,16
19.6581192016602,18
17.3076915740967,16
12.9807691574097,14
13.1868133544922,16
21.875,16
7.21153831481934,12
13.942307472229,13
14.9038457870483,12
16.8269233703613,16
13.6057691574097,12
26.4957256317139,16
40.5982894897461,18
23.5042743682861,14
10.0961542129517,14
14.9038457870483,16
12.0192308425903,12
25,12
24.0384616851807,13
10.9890108108521,9
26.4423084259033,14
12.0192308425903,12
5.76923084259033,13
10.384614944458,12
23.9163455963135,12
24.0394229888916,14
5.28846168518066,9
19.230770111084,14
16.8269233703613,14
18.75,14
16.3461532592773,12
13.4615383148193,13
6.25,13
13.4615383148193,12
38.461540222168,16
26.4423084259033,13
6.51955652236938,12
19.230770111084,16
9.13461494445801,12
19.134614944458,16
33.4249076843262,16
16.7451591491699,14
48.0769233703613,18
16.0256404876709,16
24.0384616851807,16
34.1355781555176,16
19.230770111084,16
53.1468544006348,16
11.1336030960083,12
38.461540222168,16
24.0384616851807,16
14.4230766296387,14
13.4615383148193,14
6.73076915740967,12
18.6390533447266,16
7.59109306335449,12
29.5329666137695,12
18.75,13
20.1261177062988,13
14.2307691574097,12
25.6410255432129,16
18.509614944458,13
10.0961542129517,8
43.269229888916,14
10.427885055542,11
12.0192308425903,11
6.19999980926514,13
16.2393169403076,13
22.0279712677002,12
8.07291698455811,13
14.4230766296387,12
27.884614944458,13
19.230770111084,12
13.4615383148193,12
29.0209789276123,18
39.529914855957,16
12.5,13
25.480770111084,16
31.1538467407227,16
32.6923065185547,18
25.5102043151855,16
9.13461494445801,14
16.8278846740723,10
13.4615383148193,12
19.230770111084,11
21.634614944458,16
10.4273500442505,13
10.817307472229,14
39.6153831481934,12
6.73076915740967,13
14.4230766296387,14
25.6410255432129,18
7.5,13
10.6837606430054,12
24.7252750396729,9
110.576919555664,16
10.9090909957886,12
45.6730766296387,14
18.509614944458,16
3.8461537361145,12
43.269229888916,16
14.615385055542,16
15.384614944458,13
24.0384616851807,18
5.76923084259033,13
15.384614944458,16
14.375,16
12.5,13
57.6923065185547,13
20.6730766296387,18
33.6538467407227,16
24.0384616851807,14
14.4230766296387,16
10.5,12
9.34065914154053,13
16.1538467407227,11
48.0769233703613,18
19.6078433990479,16
12.5,11
28.8461532592773,16
20.384614944458,12
8.46153831481934,10
57.6923065185547,14
40,13
35.1331367492676,12
13.599536895752,18
19.230770111084,16
33.1730766296387,16
12.0192308425903,12
32.6923065185547,16
43.269229888916,16
13.8461542129517,16
22.2222213745117,12
25,14
24.0384616851807,16
13.46217918396,14
9.44055938720703,13
25,18
16.5865383148193,12
7.21153831481934,14
22.1163463592529,13
13.4615383148193,14
11,14
24.0384616851807,14
13.4615383148193,16
11,12
28.8461532592773,13
15.384614944458,13
26.4423084259033,14
19,14
13.942307472229,12
11.9047622680664,14
23.5042743682861,16
30.2884616851807,14
10.6837606430054,8
37.4125862121582,13
24.7252750396729,18
26.5567760467529,16
19.230770111084,16
11.5384616851807,16
19.230770111084,16
12.3626375198364,12
45.6730766296387,16
9.13461494445801,12
14.9572649002075,13
23.8095245361328,16
4.807692527771,14
42.0625,16
15.384614944458,11
15.384614944458,12
11.9230766296387,14
27.472526550293,16
21.730770111084,16
36.6300354003906,16
26.4423084259033,16
25.6410255432129,18
17.3992671966553,16
9.61538505554199,12
15.625,13
13.0208330154419,14
21.3675212860107,16
16.8269233703613,16
32.0512809753418,12
13.2478628158569,18
8.01282024383545,13
28.8461532592773,14
20.6730766296387,18
14.4230766296387,14
14.9572649002075,14
17.3076915740967,14
7.21153831481934,12
11.8881120681763,18
49.7777786254883,13
13.7362632751465,16
16.3461532592773,18
15.865385055542,16
5.76923084259033,12
16.8269233703613,12
23.4265727996826,12
21.9017086029053,16
15.865385055542,13
6.73076915740967,13
21.634614944458,12
35.470085144043,16
19.230770111084,18
7.32600736618042,12
28.8461532592773,16
14.4230766296387,13
12.2377624511719,12
25,18
36.982250213623,16
19.230770111084,16
8.24175834655762,13
14.4230766296387,12
18.4458389282227,13
24.8346157073975,18
10.8791208267212,12
18.75,12
10.1041669845581,16
21.9017086029053,16
26.9230766296387,14
11.6000003814697,11
16.8269233703613,16
16.8269233703613,14
22.5961532592773,12
17.5213680267334,16
11.5384616851807,13
21.634614944458,14
10.9890108108521,13
15.384614944458,12
13.4615383148193,14
23.0769233703613,16
21.3675212860107,14
25,13
28.8461532592773,16
27.2435894012451,16
11.5384616851807,14
26,18
41.8269233703613,16
12.9807691574097,16
31.25,13
22.115385055542,16
26.4423084259033,14
21.5384616851807,16
15.384614944458,12
17.7884616851807,12
29.5673084259033,16
24.0384616851807,16
12.5,12
19,13
48.0769233703613,12
14.4230766296387,12
6.25,13
12.0192308425903,16
11.7788457870483,12
12.5,14
5.76923084259033,16
12.2355766296387,16
30.769229888916,16
24.0394229888916,14
10.7884616851807,16
21.5384616851807,13
16.1538467407227,13
21.634614944458,14
28.8461532592773,16
28.8461532592773,16
21.634614944458,16
11.6396760940552,13
23.5042743682861,18
38.6538467407227,18
43.269229888916,16
19.230770111084,9
26.4423084259033,14
12.0192308425903,12
13.6752138137817,14
10.8976926803589,16
8.01282024383545,16
13.1868133544922,13
36.3247871398926,18
30.9829063415527,16
13.8888893127441,12
15.384614944458,12
14.4230766296387,11
25.9615383148193,12
19.230770111084,16
14.9038457870483,12
20.4326915740967,18
13.1879119873047,8
14.4230766296387,12
14.4230766296387,13
21.1538467407227,16
19.230770111084,18
25,12
19.230770111084,16
30.769229888916,14
24.0384616851807,18
12.0192308425903,12
17.3076915740967,16
13.942307472229,16
22.3613586425781,13
32.0512809753418,16
20.1923084259033,12
32.0512809753418,16
32.9670333862305,16
9.21474361419678,14
19.230770111084,12
12.0192308425903,12
25.480770111084,13
12.0192308425903,12
32.0512809753418,14
31.730770111084,16
23.5042743682861,13
21.634614944458,13
40.8653831481934,14
13.7362632751465,12
14.4230766296387,12
16.8269233703613,14
50.480770111084,18
27.6923084259033,12
22.4089641571045,16
36.0576934814453,16
32.75,16
52.4038467407227,16
87.4125900268555,16
19.230770111084,16
18.2342662811279,12
8.75,12
26.1538467407227,13
23.0769233703613,16
16.3461532592773,16
14.4230766296387,14
16.8269233703613,12
45.6730766296387,12
10,13
13.4615383148193,13
12.9807691574097,14
43.9377632141113,12
13.4615383148193,12
43.269229888916,18
28.8461532592773,12
8.84615421295166,18
14.2857141494751,12
40.8653831481934,13
32.6923065185547,18
52.8846168518066,18
8.65384578704834,12
10.6837606430054,14
33.6538467407227,16
9.89011001586914,12
25,18
34.6153831481934,18
72.1153869628906,18
33.6538467407227,16
23.0769233703613,16
36.5394248962402,18
50.480770111084,18
32.0512809753418,18
35,16
24.0384616851807,18
21.3675212860107,18
36.0576934814453,18
29.8076915740967,18
10.0961542129517,12
41.8269233703613,16
24.0384616851807,14
19.230770111084,16
33.6538467407227,18
19.6581192016602,16
37.6923065185547,16
9.61538505554199,14
17.6282043457031,16
18.8609466552734,18
37.5,16
48.0769233703613,18
43.125,18
21.6783218383789,14
19.8717956542969,18
19.230770111084,12
26.4423084259033,16
16.0256404876709,16
29.3956050872803,18
28.8461532592773,16
13.4615383148193,12
21.1538467407227,16
41.9580421447754,18
17.3076915740967,16
12.0192308425903,16
11.5384616851807,18
29.8076915740967,18
36.0576934814453,16
28.8461532592773,16
12.4065933227539,16
36.8589744567871,16
50.480770111084,12
44.711540222168,16
30.769229888916,16
28.8461532592773,18
31.25,16
16.8269233703613,14
7.21153831481934,9
16.8269233703613,12
14.9038457870483,16
44.230770111084,16
8.89999961853027,12
38.461540222168,18
38.461540222168,18
35.4251022338867,18
14.4230766296387,16
26.1538467407227,16
22.7163467407227,18
19.230770111084,18
6.25,8
36.0576934814453,18
12.0192308425903,12
38.461540222168,18
22.3076915740967,16
25,16
12.5,13
13.8461542129517,12
38.461540222168,18
10.531135559082,13
8.13609504699707,13
25,16
29.8076915740967,16
37.5,18
45.6730766296387,16
32.6923065185547,18
15.240385055542,12
39.4230766296387,16
9.61538505554199,12
19.230770111084,16
38.8461532592773,18
16.8269233703613,12
26.9230766296387,18
18.269229888916,16
21.7948722839355,16
14.7435894012451,13
24.955436706543,16
21.1538467407227,13
3.26923084259033,16
25,16
15.384614944458,12
16.8269233703613,12
13.2211542129517,12
21.634614944458,12
7.21153831481934,14
16.8269233703613,11
10.0961542129517,12
7.21153831481934,12
22.115385055542,18
15.8119659423828,16
38.461540222168,16
19.230770111084,13
16.1538467407227,16
13.4615383148193,12
21.1538467407227,16
13.5897436141968,13
15.384614944458,18
21.1538467407227,18
21.1538467407227,16
12.9807691574097,13
21.1538467407227,16
22.5961532592773,18
7.60286235809326,12
21.9230766296387,13
19.230770111084,16
33.8541679382324,16
12.9807691574097,13
27.2727279663086,18
44.711540222168,13
13.7362632751465,13
36.0576934814453,16
46.875,18
48.0769233703613,18
25,16
28.0612239837646,16
39.230770111084,16
27.4038467407227,16
19.230770111084,12
21.634614944458,12
52.8846168518066,18
20.2429141998291,16
19.230770111084,16
9.61538505554199,13
33.6538467407227,16
29.3269233703613,16
29.3269233703613,13
16.8269233703613,16
26.4423084259033,18
19.230770111084,16
60,16
22.5961532592773,13
39.4230766296387,12
5.76923084259033,16
9.61538505554199,13
23.0769233703613,16
28.8461532592773,16
16.3461532592773,12
19.230770111084,13
27.4038467407227,13
28.8461532592773,13
25.6410255432129,16
12.5,12
13.7362632751465,12
14.4230766296387,16
12.0192308425903,13
35.2000007629395,18
19.230770111084,12
11.5384616851807,16
4.27350425720215,12
16.8269233703613,18
12.1457490921021,14
16.3461532592773,13
17.3076915740967,16
11.7788457870483,12
7.52747249603271,11
26.8429489135742,14
6.63461542129517,12
12.9807691574097,12
26.8285007476807,12
11.5384616851807,13
13.942307472229,13
17.4252128601074,13
8.24175834655762,11
20.1923084259033,16
14.4230766296387,12
4.32692289352417,12
35.0961532592773,12
14.4230766296387,14
28.8461532592773,12
26.9230766296387,12
9.34065914154053,12
12.0192308425903,13
22.3704872131348,16
7.49674034118652,13
10,13
7.17255735397339,12
20.299144744873,13
27.2435894012451,16
11.9658117294312,14
23.0769233703613,14
17.3076915740967,16
16,12
11.5384616851807,12
23.990385055542,12
9.61538505554199,13
14.4230766296387,11
35.0961532592773,12
36.0576934814453,16
19.230770111084,14
19.230770111084,16
19.230770111084,14
57.6923065185547,16
16.8269233703613,16
18.7617263793945,16
12.0192308425903,12
3.48557686805725,16
48.0769233703613,16
13.4615383148193,14
16.8269233703613,16
26.9230766296387,16
37.019229888916,16
16,16
4.39560461044312,13
11.1538457870483,18
13.1410255432129,16
18.269229888916,16
19.230770111084,12
5.71725559234619,8
3.8461537361145,8
16.8269233703613,12
9.61538505554199,12
12.0384616851807,13
9.08119678497314,16
18.0288467407227,14
13.31360912323,12
5.12820529937744,14
19.230770111084,16
17.7884616851807,16
12.0192308425903,18
52.8846168518066,18
31.9230766296387,18
13.4615383148193,12
10.7692308425903,16
28.8461532592773,16
76.9230804443359,16
12.5,12
34.6153831481934,13
11.25,12
24.0384616851807,16
25.9875259399414,16
15.6862745285034,14
13.7362632751465,13
24.0384616851807,14
27.2435894012451,13
9.18367385864258,11
12.0192308425903,8
24.0384616851807,11
14.9038457870483,12
16.8269233703613,13
11.0946741104126,18
7.5,12
19.230770111084,16
18.8461532592773,16
14.3999996185303,13
13.7362632751465,16
16.8269233703613,16
36.0576934814453,14
15.7342653274536,12
14.9038457870483,12
14.4230766296387,16
11.5384616851807,12
16.8269233703613,13
12.0192308425903,12
17.3076915740967,16
41.8269233703613,16
24.0384616851807,16
13.4615383148193,12
16.8269233703613,14
19.8717956542969,10
7.21153831481934,13
25.4677753448486,18
20,18
9.89583301544189,13
15.384614944458,13
13.5135135650635,18
10.4895105361938,11
11.25,12
14.4230766296387,13
22.2222213745117,12
16.1764698028564,10
9.61538505554199,12
10.682692527771,13
14.7928991317749,16
14.6144227981567,13
11.0946741104126,13
10.5769233703613,12
13.4615383148193,12
16.8269233703613,12
33.3333320617676,16
9.5,8
14.2307691574097,12
23.0769233703613,14
9.13461494445801,13
9.61538505554199,12
16.8269233703613,12
13.0208330154419,12
22.3076915740967,16
31.25,14
60.3205146789551,16
28.8461532592773,16
9.64375019073486,13
16.2393169403076,12
40.8653831481934,18
34.8583869934082,18
12.307692527771,16
16.3461532592773,14
12.9807691574097,12
5.15109872817993,13
14.4230766296387,13
38.9011001586914,16
8.25,12
21.634614944458,14
7.692307472229,12
10.0961542129517,12
43.269229888916,18
26.4423084259033,16
23.0769233703613,16
15,13
15.865385055542,13
12.5,12
9.13461494445801,12
15.384614944458,12
21.1538467407227,13
10.5769233703613,16
26.4423084259033,16
29.230770111084,13
10.9890108108521,14
11.5384616851807,9
7,16
23.0769233703613,13
20.6730766296387,12
24,16
13.8888893127441,18
36.538459777832,13
11.5384616851807,13
12.0192308425903,12
6.41083908081055,13
17.6282043457031,12
20.7100601196289,13
4.182692527771,13
22.0352573394775,18
20.9134616851807,16
34.6153831481934,12
13.4615383148193,12
35.1648368835449,12
22.4358978271484,13
15.865385055542,13
14.4230766296387,13
17.5,13
31.730770111084,13
26.4423084259033,12
9.61538505554199,12
31.1538467407227,13
9.61538505554199,12
9.82905960083008,12
8.17307662963867,12
18.1730766296387,14
25,12
25.9615383148193,13
16.3461532592773,12
8.07692337036133,12
43.269229888916,12
23.0769233703613,14
44.3786964416504,14
28.8461532592773,12
21.634614944458,13
48.0769233703613,12
30.0699291229248,13
26.0683765411377,16
16.8269233703613,12
15.384614944458,12
12.0192308425903,12
8.5059175491333,12
17.7884616851807,16
18.6813182830811,16
14.4230766296387,13
19.230770111084,12
15.865385055542,13
17.3076915740967,16
31.25,18
10,9
34.7222213745117,16
25.9615383148193,12
4.57875442504883,12
7.21153831481934,12
16.3461532592773,12
12.9807691574097,10
21.634614944458,14
23.0769233703613,13
15.384614944458,16
8.65384578704834,12
18.4911251068115,13
24.0384616851807,16
52.8846168518066,18
8.25,12
36.538459777832,13
14.4230766296387,16
20.6730766296387,12
23.0769233703613,18
12.0192308425903,12
19.230770111084,16
14.4230766296387,16
11.057692527771,12
14.4230766296387,12
14.9572649002075,13
21.5686283111572,18
17.0329666137695,13
28.8461532592773,13
7.21153831481934,12
19.230770111084,12
6.59340667724609,14
19.7115383148193,11
14.4230766296387,12
13.5,8
25.6410255432129,13
12.0192308425903,13
11.057692527771,16
29.761905670166,16
23.0769233703613,18
16.9946327209473,13
5.76923084259033,13
34.1880340576172,16
18.269229888916,16
23.6686382293701,18
20.0320510864258,18
5.52980756759644,12
24.0384616851807,18
64.4230804443359,16
10,12
24.0384616851807,16
19.230770111084,13
18.75,12
6.59340667724609,14
20.6730766296387,12
17.9487171173096,14
15.865385055542,14
14.4230766296387,18
12.5,16
20.6730766296387,12
23.0769233703613,16
4.807692527771,14
7.59109306335449,12
14.4230766296387,16
24.3902435302734,14
14.4230766296387,12
25.769229888916,12
72.1153869628906,16
38.461540222168,16
8.65384578704834,12
16.8269233703613,16
14.4230766296387,12
14.7928991317749,12
13.4615383148193,13
48.0778846740723,16
15.865385055542,14
20.1923084259033,16
14.4230766296387,12
19.7802200317383,14
6.25,12
32.6923065185547,12
19.230770111084,12
17.7125511169434,13
34.230770111084,11
19.230770111084,14
14.9572649002075,16
19.230770111084,14
11.5384616851807,12
9.61538505554199,14
12.0192308425903,12
16.8269233703613,14
19.230770111084,12
39.9797554016113,18
10,14
9.89011001586914,12
32.211540222168,12
16.3461532592773,14
17.7884616851807,18
18.269229888916,16
12.0192308425903,14
14.4230766296387,12
11.057692527771,11
7.692307472229,12
13.3333330154419,16
16.8269233703613,16
17.0940170288086,12
15.7342653274536,14
12.8235578536987,12
25.480770111084,18
30.769229888916,16
7.692307472229,13
9.61538505554199,12
23.0769233703613,16
13.0769233703613,12
31.25,16
21.1538467407227,12
14.0224361419678,12
23.0769233703613,14
12.9807691574097,12
12.5,12
34.1880340576172,16
14.4230766296387,12
15.384614944458,16
10,12
11.1324787139893,8
14.4230766296387,12
9.28516483306885,13
25.6410255432129,16
14.4230766296387,16
24.0384616851807,12
10.5769233703613,13
14.4230766296387,13
19.230770111084,16
20.6740379333496,13
27.884614944458,16
12.5,16
45.6730766296387,18
76.9230804443359,18
12.9807691574097,13
29.0598297119141,14
19.230770111084,16
23.5576915740967,16
17.5,12
19.230770111084,10
13.2889423370361,13
19.230770111084,13
15.5925159454346,13
16.8269233703613,14
14.4230766296387,13
21.9780216217041,14
32.211540222168,16
16.105770111084,16
15.384614944458,12
11.057692527771,13
15.625,8
19.230770111084,12
29.8076915740967,14
17.3076915740967,14
19.230770111084,12
11.057692527771,12
12.5,12
16.326530456543,13
13.4615383148193,12
14,14
25,18
3.33333325386047,12
8.16326522827148,16
15.865385055542,13
20.1923084259033,12
18.269229888916,12
26.470588684082,16
22.9166660308838,12
21.634614944458,13
21.1538467407227,16
29.0598297119141,16
16.8269233703613,16
37.019229888916,16
6.25,12
16.8269233703613,13
12.8205127716064,12
28.8461532592773,18
9.61538505554199,14
96.1538467407227,14
17.4825172424316,14
31.1538467407227,16
35.0961532592773,14
16.8269233703613,14
25,13
13.942307472229,12
13.0769233703613,9
33.6538467407227,16
9.61538505554199,12
8.79120922088623,13
12.1339998245239,12
12.0192308425903,13
25,16
42.7083320617676,12
7.692307472229,14
14.4230766296387,13
13.0208330154419,14
7.692307472229,13
9.34065914154053,12
15.865385055542,16
34.6153831481934,12
6.73076915740967,13
16.2393169403076,12
15.384614944458,13
10.4166669845581,13
72.1153869628906,16
18.4716606140137,16
20.6730766296387,12
9.23076915740967,14
7.21153831481934,9
9.61538505554199,13
13.4615383148193,13
23.0769233703613,12
14.4230766296387,13
19.230770111084,12
24.519229888916,12
14.9572649002075,12
9.61538505554199,13
10.0961542129517,16
11.5384616851807,13
17.3084621429443,12
7.05128192901611,11
29.8076915740967,16
25,16
16.8269233703613,16
21.634614944458,16
22.3613586425781,16
24.0384616851807,14
18.4458389282227,13
10.5951919555664,12
16.8269233703613,18
7.21153831481934,13
18.269229888916,11
19.230770111084,14
19.6886444091797,16
10.6837606430054,12
13.6752138137817,13
48.0769233703613,16
15.8663463592529,12
36.538459777832,16
5,11
7.21153831481934,12
14.4230766296387,12
8.41346168518066,12
16.8269233703613,14
29.8076915740967,12
7.692307472229,10
24.0384616851807,16
38.461540222168,12
9.61538505554199,13
36.0576934814453,13
21.3675212860107,18
16.8269233703613,13
24.0384616851807,12
16.8269233703613,12
6.59340667724609,13
8.67346954345703,13
27.884614944458,14
10.1351346969604,12
28.365385055542,18
14.0532541275024,14
18.269229888916,18
18.269229888916,13
16.8269233703613,11
25,13
11.2179489135742,14
13,12
20.1923084259033,12
15.384614944458,12
14.2857141494751,12
36.0576934814453,12
9.495192527771,10
8.66928577423096,12
32.6923065185547,16
7.45192289352417,12
21.1538467407227,16
22.115385055542,16
36.0576934814453,16
18.0769233703613,12
13.4615383148193,14
25.480770111084,13
20.5128211975098,12
14.9572649002075,14
8.46153831481934,18
15.7057695388794,16
12.9807691574097,14
38.9423065185547,12
14.8117837905884,12
10.5769233703613,16
48.0769233703613,16
14.9038457870483,12
14.4230766296387,16
19.230770111084,13
28.8461532592773,14
52.8846168518066,16
17.3076915740967,13
26.3157901763916,12
13.942307472229,12
9.61538505554199,12
29.914529800415,16
14.4230766296387,12
28.8461532592773,16
33.6538467407227,16
13.4615383148193,12
12.9807691574097,14
19.230770111084,14
19.7916660308838,16
35.7142868041992,12
21.634614944458,14
19.230770111084,16
21.2000007629395,18
28.8461532592773,12
13.4615383148193,13
23.0769233703613,12
13.4615383148193,14
9.61538505554199,13
17.3076915740967,18
10.0961542129517,12
11.5384616851807,9
26.9230766296387,16
18.0860805511475,12
7.21153831481934,9
48.0769233703613,16
2.74725270271301,13
21.634614944458,13
12.9807691574097,12
10.0961542129517,12
17.3076915740967,13
23.0769233703613,12
6.73076915740967,12
17.3076915740967,12
8.89786338806152,12
44.8717956542969,13
15.384614944458,16
22.4358978271484,18
43.7908477783203,12
16.8269233703613,9
17.7884616851807,12
24.0394229888916,13
29.8076915740967,12
17.3076915740967,16
23.0769233703613,13
5.60897445678711,11
10.7692308425903,12
38.413459777832,18
19.230770111084,12
8.17307662963867,12
8.65384578704834,13
9.61538505554199,11
12.0192308425903,13
25,16
18.269229888916,16
18.6813182830811,14
24.0384616851807,14
21.3675212860107,16
12.1794872283936,13
6.51041650772095,11
33.6538467407227,16
7.14285707473755,13
16.1122665405273,13
20.6730766296387,14
20.1923084259033,13
34.1880340576172,13
19.230770111084,14
42.3076934814453,16
26.4423084259033,16
10.0961542129517,12
13.942307472229,13
9.13461494445801,12
14.2857141494751,12
7.21153831481934,16
37.3931617736816,16
13.6752138137817,13
12.067307472229,12
16.5,18
11.9230766296387,14
19.0384616851807,12
19.0384616851807,12
26.4423084259033,16
17.3076915740967,8
23.990385055542,13
11.5384616851807,13
15.384614944458,16
11.5384616851807,13
12.0192308425903,13
40.5982894897461,12
9.08119678497314,13
47.0085487365723,16
34.6153831481934,18
51.2820510864258,18
28.8461532592773,13
21.634614944458,16
28.8461532592773,16
6.25,10
14.4230766296387,12
16.6420116424561,16
38.461540222168,13
21.634614944458,16
8.65384578704834,12
7.692307472229,12
19.230770111084,13
84.6153869628906,16
19.230770111084,18
60,16
17.0940170288086,12
11.057692527771,13
18.269229888916,12
5.76923084259033,12
5.68181800842285,11
12.0192308425903,13
15.8119659423828,16
9.89011001586914,12
11.057692527771,12
20.1923084259033,13
31.25,16
35.0961532592773,13
20.1923084259033,12
24.0384616851807,12
16.8269233703613,12
60.0961532592773,18
14.4230766296387,13
11.1806793212891,13
16.1538467407227,13
28.8461532592773,16
9,9
14.4230766296387,9
12.0192308425903,12
13.942307472229,12
16.8269233703613,13
16.1538467407227,12
8.79120922088623,13
22.115385055542,16
14.4230766296387,8
16.3461532592773,14
26.4423084259033,16
8.65384578704834,8
29.4871788024902,13
15.865385055542,13
18.0769233703613,16
30.2884616851807,12
27.644229888916,12
12.75,12
10.3365383148193,11
25,16
16.8269233703613,18
19.230770111084,18
39.3162384033203,16
11.1888113021851,12
60.0961532592773,18
7,16
12.0201921463013,14
9.08119678497314,11
12.8235578536987,12
8.65384578704834,12
30.2884616851807,12
18.1623935699463,13
21.634614944458,16
31.25,12
45.6730766296387,12
24.038782119751,12
12.0192308425903,10
16.490385055542,13
9.47115421295166,14
10.0961542129517,12
16.8269233703613,14
19.230770111084,13
17.3076915740967,13
38.461540222168,14
37.980770111084,18
24.0384616851807,16
23.0769233703613,16
19.230770111084,16
25,16
8,12
15.384614944458,13
16,12
44.230770111084,14
12.5,12
44.230770111084,16
12.0192308425903,10
18.1623935699463,16
11.057692527771,11
2.88461542129517,11
33.6538467407227,18
12.0192308425903,12
18.75,13
48.0769233703613,16
18.3760681152344,13
35.3846168518066,13
40.8653831481934,18
8.65384578704834,13
21.634614944458,12
29.761905670166,18
24.0384616851807,13
29.3269233703613,16
9.61538505554199,13
14.4230766296387,12
62.5,16
33.6538467407227,13
16.6420116424561,12
12.0192308425903,12
15.384614944458,12
14.4230766296387,11
6.73076915740967,12
16,16
33.6538467407227,13
20.1923084259033,12
19.230770111084,12
9.61538505554199,16
3.125,12
12.0890111923218,14
25,12
26.4423084259033,16
71.6346130371094,18
11.057692527771,14
61.3747940063477,14
19.230770111084,13
11.5384616851807,13
29.7202796936035,16
20.1923084259033,14
20.085470199585,14
7.692307472229,13
7.21153831481934,10
28.8461532592773,18
37.8846168518066,12
26.9230766296387,14
16.8269233703613,13
8.65384578704834,13
11.0586538314819,14
10.5769233703613,9
19.230770111084,13
13.2211542129517,12
15.5729169845581,13
14.4230766296387,12
14.4230766296387,12
14.4230766296387,12
38.461540222168,12
28.7490291595459,13
9.192307472229,12
16.8269233703613,12
12.8205127716064,11
96.1538467407227,16
21.9014415740967,16
35.0427360534668,16
18.8461532592773,18
43.269229888916,16
11,12
8.65384578704834,13
11.5384616851807,12
11.057692527771,12
19.230770111084,18
12.0192308425903,12
15.125,10
26.4423084259033,18
15.8119659423828,13
12.5,16
34.9358978271484,12
10.9890108108521,12
23.0341873168945,13
16.6675205230713,12
16.8269233703613,12
14.4230766296387,14
19.230770111084,12
11.5384616851807,12
38.461540222168,13
16.8269233703613,13
19.230770111084,12
12.5,12
11.057692527771,12
33.6538467407227,14
15.384614944458,16
13.0769233703613,12
16.0784320831299,13
19.4120006561279,12
17.3076915740967,12
7.21153831481934,12
8.87574005126953,8
8.24175834655762,12
13.4615383148193,13
16,13
30.769229888916,16
2.96474361419678,14
15.6862745285034,14
21.634614944458,16
46.1538467407227,18
38.461540222168,16
84.6153869628906,12
29.914529800415,16
17.3076915740967,16
28.5714282989502,12
13.4615383148193,13
25,12
7.21153831481934,12
9.23153877258301,12
15,12
9,13
7.14285707473755,13
6.73076915740967,12
21.634614944458,18
17.3076915740967,16
48.0769233703613,16
15,12
10.4166669845581,14
14.4230766296387,12
19.7802200317383,12
26.4423084259033,12
13.942307472229,12
31.25,16
38.461540222168,18
17.7884616851807,14
14.4230766296387,16
18.269229888916,16
12.5,12
11.5384616851807,12
48.3895263671875,13
21.634614944458,12
13.2478628158569,12
14.4230766296387,13
20.146520614624,12
16.8269233703613,16
16.8269233703613,11
13.942307472229,16
33.5,16
19.230770111084,12
9.61538505554199,14
25.9615383148193,16
15.625,18
17.9375,14
12.9807691574097,12
24.0384616851807,12
26.8429489135742,14
12.6373624801636,18
23.0769233703613,16
10.1495723724365,12
14.7058820724487,16
15.4682273864746,16
8.17307662963867,13
21.634614944458,14
19.230770111084,13
26.9230766296387,13
5.49560451507568,12
15.865385055542,9
24.0384616851807,14
8.97435855865479,12
12.0192308425903,12
21.634614944458,16
16.3333339691162,11
28.8461532592773,12
26.7094020843506,14
19.384614944458,12
23.0769233703613,18
14.1025638580322,14
12.0192308425903,12
11.5384616851807,12
19.230770111084,14
8.65384578704834,11
8.17307662963867,14
12.1999998092651,13
12.7551021575928,12
14.4230766296387,10
5.28846168518066,8
9.61538505554199,12
13.4615383148193,14
49.5726509094238,14
12.1875,18
14.2307691574097,13
22.7040824890137,16
19.230770111084,12
32,13
33.6538467407227,12
18.75,13
11.5384616851807,16
33.6538467407227,14
19.230770111084,18
17.6068382263184,16
30.8745193481445,12
20,18
21.634614944458,13
15.625,12
15.384614944458,14
17.5384616851807,14
21.634614944458,16
33.1730766296387,16
14.4230766296387,12
12.0192308425903,12
19.230770111084,13
33.1730766296387,18
25,14
11.5384616851807,16
26.9230766296387,18
20.6043949127197,14
11.5384616851807,12
30.2884616851807,8
20.6043949127197,14
31.25,12
18.75,13
8.24175834655762,9
8.33333301544189,12
14.9038457870483,16
10.5769233703613,12
14.7928991317749,12
38.461540222168,16
23.3516483306885,14
12.2423076629639,14
9.61538505554199,12
11.5384616851807,14
13.4615383148193,13
19.7115383148193,16
14.9572649002075,14
18.269229888916,18
21.634614944458,18
24.0384616851807,16
21.634614944458,14
14.529914855957,14
36.0576934814453,13
23.5042743682861,18
15.384614944458,12
19.230770111084,12
9.61538505554199,12
31.25,16
20.299144744873,14
19.230770111084,16
51.2820510864258,18
31.25,16
43.269229888916,16
48.0769233703613,16
13.4615383148193,12
26.4423084259033,13
33.6538467407227,16
17.3076915740967,18
15.5325441360474,16
26.9230766296387,12
28.8461532592773,16
42.3076934814453,16
9.61538505554199,13
11.5384616851807,12
32.6923065185547,14
2.88461542129517,12
26.4423084259033,16
30.769229888916,16
12.8235578536987,16
24.0384616851807,12
27.7777786254883,16
8.01282024383545,12
6.66666650772095,11
20.5,12
4.567307472229,13
12.5,13
25,12
34.6153831481934,18
6.25,13
4.27350425720215,11
14.9572649002075,13
12.2377624511719,16
5.34188032150269,12
38.461540222168,13
24,16
11.5384616851807,12
19.7115383148193,14
14.4230766296387,12
21.4285717010498,18
19.230770111084,13
10.5769233703613,13
26.4423084259033,18
18.2291660308838,14
15.865385055542,13
20.6730766296387,16
72.1153869628906,16
13.4615383148193,12
17.355770111084,16
38.461540222168,18
37.5,18
9.61538505554199,12
9.61538505554199,12
40.8653831481934,14
21.634614944458,14
15.865385055542,14
45.6730766296387,12
13.4615383148193,13
31.25,14
7.692307472229,12
18.3216781616211,14
10.817307472229,13
14.615385055542,18
7.21153831481934,16
13.4615383148193,13
5.12820529937744,12
13.5416669845581,16
16.3461532592773,16
16.0256404876709,14
59.1346168518066,16
17.3076915740967,16
14.6321067810059,16
12.8205127716064,16
24.0384616851807,13
48.7179489135742,16
10.1041669845581,16
16.8269233703613,13
16.8269233703613,13
24.0384616851807,16
14.4230766296387,14
14.2857141494751,16
14.4230766296387,13
8.65384578704834,16
19.230770111084,14
11.057692527771,13
16.1458339691162,14
24.0384616851807,12
16.5310649871826,12
16.8269233703613,16
9.45846176147461,11
17.8288459777832,16
8.75,12
24.519229888916,13
9.61538505554199,11
9.61538505554199,12
15.384614944458,13
20.8333339691162,12
48.0769233703613,12
7.21153831481934,12
16.8269233703613,13
28.8461532592773,12
46.1538467407227,18
33.0769233703613,18
35.0961532592773,13
11.057692527771,16
32.0512809753418,18
8.24725246429443,12
15.865385055542,13
19.230770111084,16
13.942307472229,12
13.4615383148193,8
8.65384578704834,13
28.8461532592773,12
14.4230766296387,12
7.47863245010376,13
19.230770111084,14
16.8269233703613,18
51.9230766296387,18
14.4230766296387,14
8.07692337036133,14
9.61538505554199,12
13.4615383148193,14
23.3333339691162,16
19.230770111084,16
12.0192308425903,14
23.5576915740967,13
19.230770111084,14
16.8269233703613,13
14.4230766296387,12
19.230770111084,16
8.557692527771,12
8.75288486480713,9
21.3675212860107,13
17,12
28.8461532592773,18
26.4423084259033,12
17.3076915740967,12
17.4825172424316,12
12.5,13
15.7342653274536,14
11.5384616851807,13
25,18
38.461540222168,16
16.8269233703613,10
12.5,16
31.730770111084,14
46.5811958312988,13
38.461540222168,14
19.230770111084,14
10.5769233703613,13
27.6923084259033,16
33.6538467407227,16
4.42788457870483,12
14.529914855957,16
13.7362632751465,16
32.6923065185547,16
14.4230766296387,12
17.0940170288086,12
15.865385055542,18
19.230770111084,13
14.3356647491455,14
12.0192308425903,12
20,12
18.75,16
12.0192308425903,12
36.0581741333008,13
13.942307472229,12
31.4685306549072,13
35.2564086914062,12
14.9038457870483,12
12.5,12
17.7514801025391,13
33.6538467407227,12
16.5384616851807,18
45,16
13.1879119873047,9
24.0394229888916,16
8.65384578704834,12
14.7435894012451,18
11.5384616851807,13
29.3414535522461,16
21.634614944458,16
18.269229888916,13
13.4615383148193,16
15.384614944458,14
33.6538467407227,13
10.9147605895996,11
3.36538457870483,18
9.61538505554199,12
14.4230766296387,12
9.61538505554199,12
14.4230766296387,10
16.3461532592773,13
12.5,12
26.4423084259033,16
20.6730766296387,16
14.9038457870483,13
25.480770111084,13
43.269229888916,16
25.2136745452881,16
6.65680456161499,12
48.0769233703613,16
7.692307472229,13
16.3461532592773,12
7.21153831481934,12
20.1923084259033,14
14.2857141494751,12
22.5961532592773,16
20,12
6.92307710647583,12
26,13
13.4615383148193,12
10,12
14.4230766296387,14
21.9780216217041,12
21.3675212860107,18
16.6666660308838,16
12.0192308425903,12
22.4358978271484,12
21.634614944458,12
16.0256404876709,12
42.7350425720215,16
28.8888893127441,12
11.5384616851807,12
53.8461532592773,16
25.480770111084,16
50.769229888916,18
11.5384616851807,13
24.0384616851807,12
19.7115383148193,16
38.461540222168,12
17.0118350982666,18
19.230770111084,13
52.4475517272949,14
12.9807691574097,8
23.0769233703613,16
72.1153869628906,18
52.8846168518066,18
62.5,18
15.865385055542,13
13.0769233703613,11
9.13461494445801,13
21.634614944458,18
24.4755249023438,12
28.8461532592773,13
28.8461532592773,16
20.0668888092041,12
20.4081630706787,14
11.5384616851807,14
12.9807691574097,12
12.0192308425903,13
20.1923084259033,16
10.9890108108521,16
10.5769233703613,12
12.5,13
17.3076915740967,12
26.4423084259033,13
19.230770111084,12
36.4583320617676,12
6.73076915740967,13
22.3076915740967,14
19.230770111084,16
11,13
19.230770111084,12
13.942307472229,16
7.307692527771,12
6.86813163757324,13
12.1457490921021,16
12.0192308425903,14
14.6520147323608,13
19.230770111084,12
36.0576934814453,16
26.4423084259033,16
18.75,13
17.7884616851807,16
19.9300708770752,16
28.5256404876709,16
4.64650344848633,12
19.230770111084,12
10,9
10,10
9.61538505554199,8
24.0384616851807,12
14.4230766296387,16
9.61538505554199,12
12.0192308425903,12
56.538459777832,16
32.0512809753418,12
25.6410255432129,13
14.9572649002075,12
18.269229888916,18
8.17307662963867,12
14.4230766296387,14
16.4835166931152,12
17.7884616851807,12
20.299144744873,13
10.9890108108521,11
23.5576915740967,16
12.5,12
14.4230766296387,12
12.5,12
11.5384616851807,13
47.0085487365723,16
35.5769233703613,12
9.61538505554199,12
23.0769233703613,12
6.73076915740967,12
13.942307472229,12
5.76923084259033,14
14.4230766296387,14
25,16
19.230770111084,13
5.76923084259033,16
15.865385055542,12
52.8846168518066,16
27.2435894012451,16
8.24175834655762,12
18.509614944458,14
13.4615383148193,13
9.61538505554199,8
28.8461532592773,14
10.5769233703613,14
19.230770111084,10
21.1538467407227,16
25,16
10.5769233703613,8
40.6841888427734,16
31.1538467407227,16
12.0192308425903,12
10.3999996185303,13
22.115385055542,16
48.0769233703613,16
19.230770111084,13
36.0576934814453,18
35.7142868041992,13
11.4835166931152,12
33.6538467407227,12
31.730770111084,18
69.711540222168,16
16.8269233703613,12
13.4615383148193,12
7.5,13
21.634614944458,14
16.8269233703613,13
9.29487133026123,14
10.7142858505249,12
7.21153831481934,12
6.25,12
15.384614944458,16
22.5379810333252,16
15.384614944458,16
11.5384616851807,10
24.0384616851807,13
30.2884616851807,18
48.0769233703613,16
7.21153831481934,12
19.230770111084,12
11.25,13
11.5384616851807,12
21.9780216217041,11
15.384614944458,13
19.230770111084,16
16.8269233703613,16
21.25,13
12.0192308425903,14
24.519229888916,14
14.4230766296387,12
8.24175834655762,12
14.4230766296387,13
16.8269233703613,8
7.21153831481934,9
9.61538505554199,12
19.230770111084,16
20.1923084259033,16
17.3076915740967,16
28.8461532592773,16
35.470085144043,18
72.1153869628906,16
30.2884616851807,18
16.8269233703613,13
12.8365383148193,13
12.692307472229,12
14.4230766296387,12
28.8461532592773,14
10.9890108108521,13
18,16
13.75,12
48.0769233703613,16
16.8269233703613,16
10.0961542129517,12
10.0961542129517,12
56.538459777832,16
12.0192308425903,12
10.0961542129517,13
19.230770111084,14
15.1666669845581,8
16.8269233703613,12
20.9790210723877,9
10.0961542129517,16
17.3076915740967,13
50.480770111084,14
21.634614944458,16
28.8461532592773,18
15.384614944458,16
15,18
21.634614944458,16
13.4615383148193,12
12.0192308425903,12
54.8076934814453,18
11.9047622680664,13
12.0192308425903,12
27.884614944458,13
25.0009613037109,12
24.0384616851807,12
28.8461532592773,18
9.61538505554199,14
12.5,14
33.6538467407227,18
19.230770111084,12
25,12
5.76923084259033,13
12.307692527771,18
16.8269233703613,13
14.4230766296387,12
3.49650359153748,10
15.384614944458,12
52.8846168518066,13
40.6593399047852,14
22.115385055542,16
24.0384616851807,16
24.0384616851807,18
11.5384616851807,13
48.0769233703613,12
15.1041669845581,14
10.0961542129517,12
31.490385055542,10
81.7307662963867,13
28.8461532592773,13
21.634614944458,16
19.230770111084,14
20.8333339691162,12
23.8461532592773,16
14.6675357818604,13
21.634614944458,9
24.0384616851807,18
16.0384616851807,13
17.3076915740967,12
17.3076915740967,13
13.7362632751465,16
16.8269233703613,12
9.12087917327881,13
18.1818180084229,14
19.230770111084,13
14.4230766296387,12
58.1730766296387,16
48.0769233703613,18
14.4230766296387,11
7.21153831481934,9
36.0581741333008,12
28.2051277160645,12
21.634614944458,16
36.0576934814453,18
76.9230804443359,18
39.9038467407227,16
7.692307472229,12
36.0576934814453,16
36.0576934814453,16
47.0085487365723,18
21.3675212860107,13
32.0512809753418,16
20.3999996185303,16
9.23076915740967,12
21.634614944458,13
32.6923065185547,16
30.769229888916,16
63.9423065185547,16
31.25,12
41.3461532592773,16
68.1298065185547,16
11.5384616851807,13
8.52747249603271,13
17.3076915740967,16
35.2564086914062,16
41.2087898254395,18
48.0769233703613,16
58.1730766296387,16
36.0576934814453,16
15.384614944458,13
13.75,12
16.3461532592773,12
18.5918369293213,10
8.5470085144043,16
34.6153831481934,18
16.8269233703613,12
11.057692527771,12
13.4615383148193,14
21.3675212860107,14
16.8269233703613,12
22.115385055542,16
10.4166669845581,12
17.3076915740967,14
51.9230766296387,18
12.0192308425903,12
8.65384578704834,18
4.61538457870483,12
14.4230766296387,14
12.0201921463013,12
12.259614944458,16
14.4230766296387,13
13.6639680862427,13
16.4835166931152,13
21.1538467407227,13
14.4240388870239,12
13.8888893127441,12
5.06072854995728,13
28.8461532592773,12
19.230770111084,16
14.5384616851807,13
14.4230766296387,12
28.8461532592773,16
18.1912689208984,12
33.2840232849121,13
51.1538467407227,16
30.769229888916,16
8.24175834655762,11
19.230770111084,18
35,16
19.230770111084,14
29.3269233703613,16
36.0576934814453,13
24.0384616851807,12
21.634614944458,12
16.8269233703613,12
21.634614944458,13
13.4615383148193,13
42.7350425720215,16
19.230770111084,14
9.61538505554199,13
24.0384616851807,16
72.1153869628906,16
16.2721900939941,16
32.6923065185547,16
46.1538467407227,12
15.384614944458,13
21.634614944458,16
16.3461532592773,13
18.3150177001953,12
21.634614944458,16
16.3163452148438,16
26.3736267089844,16
28.8461532592773,18
31.25,13
15.384614944458,12
26.9230766296387,16
19.230770111084,18
20.6730766296387,13
15.865385055542,14
25.480770111084,13
10.0961542129517,12
2.88461542129517,16
12.5500001907349,12
15.865385055542,12
18.269229888916,12
16.3461532592773,14
28.8461532592773,13
22.7272720336914,13
12.0192308425903,13
13.4615383148193,12
34.6153831481934,16
47.1153831481934,18
19.230770111084,18
48.0769233703613,18
24.0384616851807,16
38.461540222168,13
19.230770111084,16
12,9
16.8269233703613,12
28.8461532592773,16
72.5961532592773,16
7.692307472229,9
14.4230766296387,16
12.0192308425903,18
16.8269233703613,13
9.5238094329834,14
19.230770111084,14
22.2222213745117,12
21.634614944458,16
14.4230766296387,12
9,14
11.5384616851807,12
15.384614944458,14
62.5,18
36.461540222168,14
28.8471145629883,18
19.230770111084,12
18.269229888916,12
53.8461532592773,16
14.615385055542,16
29.3269233703613,14
59.8290596008301,16
58.760684967041,16
5.76923084259033,16
12.307692527771,18
